1
9
17
23
31
38
46
53
60
69
76
83
90
96
102
110
117
124
132
138
145
153
160
166
174
182
188
194
202
208
216
223
232
239
245
253
262
270
277
285
292
299
305
312
320
327
335
342
350
357
363
370
377
384
391
398
405
411
419
425
433
440
447
453
459
467
476
483
488
496
503
510
518
525
533
540
546
553
559
567
573
580
587
595
602
609
617
626
632
639
646
653
660
667
674
681
688
694
701
709
716
723
730
738
745
751
758
765
773
780
787
793
800
807
814
821
828
835
841
848
855
862
869
877
883
890
897
903
910
917
924
932
939
945
952
960
967
974
982
990
996
1003
1010
1016
1025
1033
1039
1046
1054
1061
1067
1076
1083
1089
1096
1103
1108
1114
1122
1129
1135
1142
1149
1156
1163
1171
1179
1186
1193
1199
1207
1213
1222
1229
1235
1242
1250
1257
1264
1271
1278
1285
1292
1299
1305
1312
1319
1327
1334
1341
1348
1357
1363
1372
1378
1385
1392
1399
1407
1413
1422
1430
1438
1445
1451
1458
1465
1471
1477
1484
1491
1499
1506
1513
1520
1526
1534
1542
1549
1555
1563
1570
1576
1585
1591
1598
1604
1612
1619
1626
1634
1642
1649
1656
1662
1672
1679
1685
1691
1698
1705
1712
1718
1725
1733
1741
1749
1755
1762
1771
1779
1785
1793
1799
1807
1814
1822
1829
1836
1842
1849
1858
1864
1871
1877
1884
1891
1899
1906
1913
1920
1928
1936
1943
1950
1958
1965
1973
1979
1986
1993
2000
2007
2013
2020
2028
2036
2043
2050
2057
2064
2070
2078
2085
2092
2099
2105
2112
2119
2125
2132
2138
2147
2155
2161
2168
2175
2182
2191
2198
2204
2210
2217
2224
2232
2239
2246
2253
2260
2267
2273
2282
2289
2297
2304
2311
2319
2326
2334
2340
2347
2354
2360
2368
2373
2381
2388
2396
2403
2410
2416
2422
2428
2434
2441
2450
2455
2463
2469
2476
2484
2491
2498
2505
2511
2519
2526
2534
2540
2548
2556
2564
2570
2578
2586
2592
2599
2606
2612
2619
2626
2634
2640
2648
2655
2662
2668
2674
2683
2689
2696
2702
2708
2715
2723
2729
2736
2743
2749
2757
2765
2772
2779
2786
2794
2800
2806
2815
2821
2829
2837
2843
2850
2858
2865
2872
2878
2885
2892
2898
2906
2913
2920
2926
2933
2941
2948
2956
2964
2970
2977
2985
2994
2999
3005
3012
3020
3028
3036
3043
3050
3057
3066
3072
3079
3085
3093
3101
3107
3113
3119
3126
3133
3141
3147
3154
3162
3169
3176
3183
3191
3199
3205
3212
3219
3228
3234
3240
3246
3253
3261
3268
3274
3282
3288
3295
3303
3309
3315
3322
3328
3335
3342
3349
3356
3364
3370
3377
3384
3390
3397
3404
3410
3418
3425
3432
3438
3446
3453
3460
3467
3473
3480
3485
3493
3500
3507
3514
3521
3529
3537
3544
3553
3560
3567
3573
3581
3587
3594
3601
3609
3617
3623
3630
3637
3644
3652
3659
3666
3672
3680
3687
3695
3701
3707
3714
3720
3727
3734
3740
3748
3756
3762
3770
3776
3785
3792
3800
3807
3815
3822
3829
3836
3843
3850
3858
3864
3871
3877
3883
3889
3896
3903
3910
3917
3925
3932
3939
3946
3954
3963
3970
3977
3983
3990
3998
4005
4013
4019
4029
4036
4044
4052
4058
4066
4074
4081
4089
4096
4102
4110
4117
4124
4130
4137
4145
4152
4158
4165
4171
4178
4185
4191
4199
4206
4214
4221
4229
4236
4244
4251
4258
4265
4273
4279
4288
4296
4302
4309
4316
4322
4330
4336
4344
4351
4359
4364
4372
4378
4385
4391
4398
4404
4410
4417
4423
4430
4438
4445
4452
4460
4467
4474
4481
4488
4495
4502
4509
4515
4522
4530
4538
4546
4554
4561
4567
4574
4580
4587
4593
4602
4609
4616
4623
4630
4638
4644
4652
4659
4665
4671
4677
4683
4691
4699
4706
4713
4721
4726
4733
4740
4747
4754
4760
4767
4774
4782
4789
4795
4801
4808
4815
4822
4829
4837
4844
4850
4856
4863
4870
4876
4882
4889
4896
4903
4910
4916
4924
4932
4939
4945
4952
4960
4966
4973
4981
4989
4997
5003
5010
5018
5026
5033
5039
5047
5053
5059
5066
5073
5080
5086
5093
5100
5106
5115
5122
5129
5137
5144
5150
5158
5165
5173
5180
5188
5195
5201
5209
5216
5224
5231
5238
5245
5252
5258
5266
5274
5281
5287
5296
5303
5311
5318
5326
5334
5341
5348
5354
5361
5368
5374
5382
5389
5397
5403
5410
5416
5423
5431
5438
5444
5452
5460
5467
5475
5482
5490
5498
5504
5511
5519
5526
5534
5540
5549
5556
5564
5570
5577
5584
5591
5598
5605
5613
5619
5626
5632
5639
5647
5655
5663
5670
5677
5684
5691
5697
5704
5711
5720
5726
5733
5740
5746
5754
5761
5767
5774
5780
5788
5795
5801
5808
5816
5824
5830
5838
5844
5850
5858
5865
5872
5879
5885
5892
5900
5908
5915
5921
5927
5935
5942
5948
5955
5963
5970
5977
5984
5990
5997
6004
6010
6017
6025
6031
6039
6046
6053
6060
6066
6072
6078
6085
6090
6098
6104
6112
6119
6128
6135
6141
6147
6154
6161
6167
6174
6181
6188
6195
6202
6209
6216
6224
6232
6240
6246
6253
6260
6266
6273
6279
6287
6293
6300
6307
6313
6321
6328
6334
6342
6349
6357
6364
6371
6377
6384
6390
6398
6404
6411
6419
6425
6433
6440
6446
6452
6459
6465
6471
6480
6488
6494
6501
6510
6516
6523
6531
6537
6545
6552
6558
6565
6571
6577
6583
6590
6598
6607
6615
6621
6629
6636
6643
6652
6660
6666
6673
6681
6688
6695
6701
6709
6717
6723
6729
6736
6742
6750
6756
6763
6769
6775
6783
6791
6797
6805
6812
6819
6826
6834
6840
6847
6855
6863
6870
6877
6883
6891
6898
6904
6910
6918
6924
6931
6937
6943
6950
6958
6964
6972
6979
6985
6992
6999
7006
7012
7018
7025
7031
7038
7045
7053
7062
7069
7074
7081
7087
7094
7101
7108
7116
7123
7131
7139
7146
7153
7159
7167
7172
7181
7188
7195
7202
7210
7217
7224
7231
7238
7244
7252
7259
7268
7276
7282
7290
7297
7304
7312
7319
7327
7333
7340
7348
7355
7363
7371
7378
7385
7392
7398
7405
7413
7421
7427
7434
7443
7450
7456
7463
7470
7476
7484
7490
7497
7504
7512
7517
7525
7532
7538
7546
7553
7561
7569
7575
7580
7588
7596
7603
7609
7617
7624
7630
7637
7644
7650
7657
7664
7671
7678
7684
7691
7698
7705
7712
7719
7726
7734
7741
7748
7756
7763
7770
7776
7784
7793
7799
7807
7813
7820
7827
7833
7840
7847
7853
7861
7867
7874
7881
7890
7897
7904
7911
7918
7924
7931
7939
7946
7953
7960
7968
7974
7981
7988
7996
8003
8010
8017
8023
8030
8037
8044
8053
8059
8066
8073
8080
8086
8094
8101
8109
8115
8123
8131
8138
8144
8150
8157
8163
8170
8177
8184
8190
8198
8203
8209
8218
8224
8231
8237
8244
8250
8258
8266
8272
8279
8286
8294
8302
8309
8316
8322
8330
8336
8343
8350
8357
8363
8371
8377
8383
8390
8396
8403
8410
8416
8423
8429
8436
8442
8450
8457
8464
8473
8480
8486
8492
8499
8507
8515
8522
8529
8536
8543
8550
8557
8564
8569
8576
8584
8590
8596
8603
8609
8616
8622
8630
8638
8646
8654
8660
8667
8672
8680
8688
8695
8703
8710
8718
8726
8733
8741
8749
8756
8763
8770
8778
8784
8791
8798
8804
8811
8819
8827
8833
8841
8848
8855
8863
8870
8875
8881
8888
8896
8904
8910
8918
8924
8931
8938
8945
8951
8959
8966
8973
8980
8987
8994
9001
9008
9015
9022
9028
9035
9042
9049
9057
9063
9070
9077
9083
9090
9097
9104
9110
9116
9124
9130
9138
9145
9151
9158
9165
9172
9179
9186
9193
9202
9210
9217
9224
9232
9239
9246
9252
9259
9265
9273
9280
9285
9292
9298
9305
9311
9318
9324
9331
9339
9345
9353
9360
9367
9374
9380
9387
9394
9402
9408
9415
9422
9429
9435
9443
9449
9456
9462
9471
9477
9485
9492
9499
9506
9514
9522
9527
9534
9541
9547
9555
9562
9568
9575
9582
9588
9595
9602
9608
9614
9621
9628
9635
9641
9648
9655
9661
9667
9673
9680
9687
9693
9700
9708
9715
9722
9729
9736
9744
9752
9759
9765
9773
9778
9785
9793
9801
9807
9814
9823
9829
9835
9844
9850
9857
9863
9870
9877
9883
9890
9896
9902
9908
9914
9921
9927
9934
9940
9948
9956
9963
9971
9978
9984
9991
9997
10003
10011
10018
10025
10032
10039
10047
10054
10062
10070
10076
10084
10092
10097
10104
10112
10118
10124
10131
10138
10145
10152
10159
10166
10172
10179
10187
10194
10200
10206
10213
10219
10227
10235
10242
10249
10256
10262
10270
10276
10282
10290
10296
10301
10308
10314
10321
10327
10333
10341
10349
10355
10360
10369
10376
10383
10390
10397
10405
10411
10419
10426
10433
10441
10447
10454
10461
10467
10475
10481
10488
10494
10501
10508
10516
10523
10529
10537
10544
10551
10559
10565
10572
10579
10586
10594
10601
10607
10613
10621
10628
10634
10640
10648
10655
10663
10671
10679
10686
10694
10700
10707
10717
10724
10731
10738
10745
10752
10758
10765
10771
10778
10786
10793
10799
10805
10811
10817
10823
10832
10839
10845
10852
10859
10866
10872
10878
10884
10891
10899
10906
10913
10919
10925
10932
10939
10946
10955
10963
10971
10978
10985
10993
10999
11007
11014
11022
11029
11037
11044
11051
11057
11065
11071
11078
11084
11092
11100
11108
11115
11124
11130
11137
11144
11152
11159
11166
11174
11181
11188
11194
11200
11208
11216
11222
11229
11236
11244
11250
11258
11266
11274
11280
11287
11294
11301
11307
11314
11322
11328
11335
11342
11348
11355
11363
11370
11378
11384
11391
11397
11404
11410
11418
11427
11434
11441
11449
11455
11463
11470
11477
11485
11493
11500
11505
11514
11522
11531
11539
11546
11553
11560
11567
11576
11583
11589
11595
11602
11609
11615
11621
11628
11635
11641
11648
11657
11663
11671
11678
11684
11690
11697
11704
11710
11718
11724
11731
11737
11745
11752
11760
11767
11774
11782
11788
11796
11802
11809
11817
11824
11831
11837
11843
11850
11858
11865
11872
11879
11886
11894
11901
11909
11916
11923
11929
11937
11943
11949
11956
11963
11969
11977
11984
11991
11998
12004
12011
12020
12027
12034
12041
12049
12056
12063
12070
12078
12085
12093
12100
12107
12115
12122
12129
12134
12142
12151
12157
12165
12172
12180
12187
12194
12202
12209
12215
12221
12228
12235
12242
12248
12255
12262
12268
12275
12284
12291
12299
12307
12314
12320
12328
12333
12340
12347
12354
12361
12367
12374
12382
12389
12395
12403
12410
12417
12423
12429
12436
12442
12449
12456
12463
12469
12476
12483
12490
12496
12503
12510
12517
12524
12531
12538
12543
12550
12558
12564
12572
12579
12586
12593
12599
12607
12615
12622
12629
12636
12641
12648
12655
12661
12668
12676
12683
12689
12696
12703
12711
12719
12726
12733
12741
12749
12757
12764
12771
12779
12785
12792
12800
12808
12815
12821
12828
12834
12842
12849
12857
12864
12871
12878
12886
12893
12899
12905
12913
12920
12926
12933
12939
12946
12953
12960
12967
12973
12979
12985
12992
12999
13006
13013
13020
13029
13035
13041
13047
13052
13059
13066
13073
13081
13087
13093
13100
13106
13115
13122
13128
13135
13141
13148
13156
13164
13171
13177
13183
13190
13197
13205
13213
13220
13227
13234
13241
13248
13254
13263
13270
13277
13285
13292
13299
13306
13313
13321
13329
13337
13344
13351
13359
13367
13374
13380
13387
13394
13400
13407
13415
13421
13427
13434
13442
13449
13457
13463
13471
13478
13486
13494
13500
13507
13513
13521
13528
13535
13542
13549
13557
13565
13572
13578
13586
13593
13599
13606
13612
13618
13626
13632
13638
13645
13652
13659
13666
13673
13681
13688
13694
13702
13709
13715
13721
13728
13735
13741
13747
13756
13763
13771
13779
13787
13793
13801
13807
13813
13820
13825
13832
13840
13847
13854
13860
13867
13873
13881
13887
13895
13901
13908
13915
13921
13928
13935
13941
13948
13955
13962
13969
13977
13984
13992
13999
14007
14015
14023
14032
14039
14046
14055
14061
14069
14076
14084
14092
14099
14105
14112
14119
14125
14134
14141
14147
14154
14163
14170
14176
14183
14191
14198
14205
14212
14219
14226
14232
14240
14248
14254
14261
14269
14276
14283
14290
14297
14303
14310
14317
14324
14330
14337
14344
14351
14358
14366
14372
14378
14384
14391
14398
14404
14412
14419
14426
14432
14439
14448
14456
14461
14468
14476
14484
14490
14497
14505
14511
14519
14525
14532
14539
14546
14552
14560
14568
14575
14582
14589
14597
14604
14611
14618
14625
14632
14639
14647
14654
14661
14667
14673
14681
14688
14694
14700
14706
14714
14720
14726
14733
14739
14746
14752
14758
14765
14772
14779
14785
14793
14799
14806
14812
14819
14825
14833
14841
14848
14855
14862
14869
14877
14884
14891
14897
14905
14912
14918
14926
14932
14939
14945
14952
14958
14965
14971
14978
14985
14993
14999
15008
15015
15023
15030
15037
15044
15051
15059
15065
15073
15080
15087
15095
15104
15113
15120
15128
15135
15142
15149
15156
15163
15170
15177
15183
15190
15197
15204
15211
15217
15224
15232
15238
15245
15251
15260
15268
15276
15282
15289
15297
15304
15309
15316
15325
15332
15338
15345
15352
15360
15368
15375
15382
15388
15394
15400
15406
15414
15420
15427
15434
15440
15446
15454
15460
15468
15475
15482
15490
15496
15503
15510
15517
15524
15531
15539
15548
15554
15560
15567
15574
15581
15589
15595
15601
15609
15617
15623
15629
15636
15643
15650
15657
15664
15671
15678
15685
15692
15699
15707
15714
15722
15729
15735
15742
15749
15755
15761
15767
15775
15782
15789
15797
15804
15811
15819
15826
15832
15839
15846
15854
15861
15868
15875
15881
15888
15894
15903
15910
15916
15922
15929
15936
15942
15948
15955
15963
15970
15976
15983
15992
15998
16005
16012
16021
16028
16036
16042
16048
16055
16063
16070
16077
16084
16090
16098
16105
16112
16119
16126
16133
16139
16146
16152
16159
16165
16173
16180
16186
16193
16201
16207
16214
16220
16227
16235
16242
16248
16255
16263
16269
16275
16282
16290
16296
16304
16311
16318
16325
16331
16338
16345
16352
16359
16365
16373
16381
16387
16393
16401
16407
16413
16421
16428
16434
16442
16449
16456
16463
16469
16474
16481
16488
16495
16503
16509
16515
16522
16528
16534
16541
16548
16556
16564
16571
16578
16584
16590
16599
16606
16613
16620
16628
16637
16643
16649
16656
16662
16669
16676
16683
16690
16697
16704
16711
16717
16724
16732
16738
16745
16753
16760
16767
16773
16781
16787
16793
16799
16806
16813
16821
16827
16833
16840
16848
16855
16862
16868
16875
16881
16887
16894
16900
16907
16915
16922
16928
16935
16941
16948
16954
16961
16969
16975
16982
16989
16996
17003
17010
17017
17024
17030
17037
17045
17053
17059
17065
17072
17079
17087
17096
17102
17109
17117
17125
17132
17140
17148
17154
17161
17167
17174
17181
17188
17195
17203
17210
17216
17223
17229
17238
17246
17253
17260
17267
17274
17281
17287
17293
17301
17308
17315
17321
17327
17335
17341
17348
17355
17363
17369
17376
17383
17390
17395
17403
17409
17416
17422
17429
17435
17442
17448
17454
17461
17467
17474
17481
17488
17493
17499
17505
17512
17520
17528
17535
17541
17546
17554
17560
17567
17575
17582
17588
17593
17599
17606
17614
17620
17626
17633
17640
17646
17652
17657
17664
17672
17679
17686
17692
17699
17706
17713
17720
17727
17734
17742
17747
17754
17761
17768
17776
17784
17791
17798
17805
17812
17819
17827
17833
17839
17845
17851
17857
17865
17872
17878
17886
17893
17901
17908
17916
17924
17930
17938
17944
17952
17959
17966
17972
17979
17985
17992
18000
18007
18014
18021
18029
18036
18042
18049
18057
18065
18072
18078
18086
18093
18099
18105
18113
18118
18125
18131
18138
18145
18152
18159
18165
18174
18180
18187
18194
18201
18209
18215
18221
18227
18234
18240
18249
18256
18262
18270
18277
18285
18293
18299
18306
18313
18321
18327
18333
18339
18344
18352
18359
18367
18373
18379
18386
18393
18400
18406
18413
18420
18428
18435
18442
18448
18456
18463
18471
18478
18485
18490
18497
18504
18509
18516
18523
18530
18535
18543
18550
18557
18563
18571
18577
18585
18591
18599
18606
18615
18621
18630
18638
18645
18651
18657
18664
18670
18676
18682
18689
18695
18702
18710
18717
18723
18731
18738
18745
18753
18760
18766
18773
18779
18786
18794
18802
18810
18818
18825
18831
18839
18846
18853
18860
18867
18874
18882
18889
18896
18903
18909
18917
18923
18930
18938
18944
18951
18958
18966
18973
18980
18989
18996
19002
19008
19016
19022
19030
19037
19043
19051
19058
19065
19072
19080
19088
19095
19103
19110
19118
19125
19131
19137
19143
19149
19157
19164
19170
19177
19184
19192
19200
19207
19215
19222
19230
19237
19244
19251
19257
19264
19270
19277
19284
19292
19300
19306
19313
19320
19328
19334
19342
19350
19358
19363
19370
19377
19384
19390
19396
19403
19411
19417
19425
19432
19438
19446
19452
19459
19465
19472
19479
19486
19493
19501
19508
19517
19525
19531
19537
19543
19551
19557
19564
19571
19578
19584
19591
19599
19605
19613
19620
19628
19634
19642
19649
19656
19662
19670
19677
19682
19689
19695
19702
19709
19716
19722
19729
19738
19745
19752
19760
19768
19776
19782
19789
19796
19803
19810
19816
19823
19829
19834
19842
19850
19857
19865
19871
19878
19885
19891
19898
19905
19911
19918
19924
19931
19938
19945
19952
19958
19964
19970
19977
19984
19992
19999
20006
20012
20019
20026
20032
20038
20046
20053
20060
20066
20073
20079
20086
20093
20101
20108
20115
20123
20130
20138
20145
20153
20160
20168
20175
20182
20188
20196
20203
20210
20217
20224
20232
20238
20245
20252
20260
20269
20275
20281
20287
20294
20301
20308
20314
20322
20329
20336
20342
20349
20356
20363
20370
20376
20383
20390
20397
20403
20410
20417
20423
20430
20437
20444
20452
20458
20466
20473
20481
20489
20496
20503
20509
20516
20522
20530
20537
20543
20549
20557
20564
20571
20577
20584
20590
20597
20606
20612
20619
20626
20632
20639
20645
20652
20661
20668
20675
20681
20689
20696
20702
20709
20718
20725
20732
20739
20747
20754
20760
20768
20774
20780
20786
20792
20798
20805
20813
20819
20826
20833
20841
20847
20853
20861
20867
20875
20881
20888
20895
20903
20910
20916
20923
20931
20937
20944
20951
20957
20964
20971
20978
20985
20993
20998
21006
21012
21017
21024
21030
21036
21042
21049
21056
21063
21070
21077
21085
21092
21099
21105
21113
21120
21128
21134
21142
21148
21154
21160
21168
21176
21184
21191
21197
21207
21214
21220
21228
21237
21243
21250
21257
21263
21272
21278
21286
21292
21299
21305
21312
21320
21328
21335
21342
21349
21358
21364
21371
21379
21387
21394
21400
21407
21414
21422
21429
21435
21443
21452
21458
21465
21473
21481
21489
21495
21503
21511
21518
21526
21532
21541
21548
21557
21564
21572
21580
21587
21595
21602
21610
21617
21625
21633
21640
21649
21656
21663
21669
21677
21684
21692
21698
21706
21713
21720
21727
21734
21740
21746
21753
21760
21765
21772
21779
21786
21792
21800
21808
21815
21821
21828
21836
21842
21848
21856
21864
21870
21877
21885
21892
21899
21906
21915
21922
21929
21936
21942
21950
21958
21965
21970
21976
21982
21989
21997
22004
22011
22018
22025
22032
22038
22045
22051
22060
22067
22074
22081
22088
22095
22103
22109
22117
22123
22131
22137
22144
22153
22159
22166
22173
22180
22186
22193
22199
22206
22212
22218
22225
22232
22239
22247
22254
22260
22268
22275
22282
22289
22297
22304
22312
22317
22324
22331
22338
22345
22352
22358
22366
22372
22379
22385
22394
22401
22407
22414
22421
22429
22436
22444
22450
22457
22463
22470
22478
22485
22492
22499
22506
22514
22520
22528
22536
22543
22550
22557
22563
22569
22577
22583
22591
22599
22605
22611
22618
22626
22634
22641
22648
22656
22663
22670
22678
22684
22690
22697
22704
22710
22716
22722
22730
22737
22745
22750
22757
22763
22769
22775
22783
22790
22798
22805
22812
22819
22825
22832
22838
22845
22853
22860
22866
22873
22880
22887
22893
22901
22907
22914
22920
22926
22932
22940
22946
22954
22961
22969
22976
22984
22992
22999
23005
23012
23019
23027
23032
23039
23048
23054
23062
23069
23076
23083
23090
23097
23103
23110
23117
23124
23130
23136
23143
23150
23158
23164
23171
23178
23184
23190
23199
23206
23213
23222
23230
23235
23241
23247
23253
23261
23267
23274
23280
23287
23294
23301
23310
23317
23323
23330
23337
23346
23353
23359
23365
23372
23380
23389
23396
23403
23409
23416
23423
23430
23437
23444
23452
23459
23465
23473
23480
23487
23492
23499
23505
23512
23517
23523
23531
23540
23547
23554
23561
23567
23573
23580
23586
23593
23601
23607
23615
23622
23628
23635
23642
23649
23656
23663
23671
23678
23685
23693
23700
23707
23713
23720
23727
23733
23740
23747
23753
23760
23767
23775
23782
23788
23795
23803
23811
23817
23825
23832
23840
23847
23854
23862
23868
23875
23881
23887
23895
23901
23908
23915
23922
23928
23935
23943
23949
23956
23964
23970
23976
23981
23990
23997
24004
24011
24019
24027
24033
24039
24047
24054
24061
24068
24074
24082
24089
24096
24102
24109
24116
24123
24130
24137
24143
24149
24157
24163
24170
24178
24186
24193
24201
24208
24215
24223
24229
24237
24243
24251
24259
24266
24272
24278
24287
24294
24300
24308
24315
24323
24330
24337
24343
24350
24359
24365
24371
24379
24386
24393
24400
24408
24413
24421
24428
24434
24442
24449
24455
24462
24469
24477
24483
24489
24496
24502
24509
24516
24523
24530
24538
24544
24551
24558
24566
24573
24582
24590
24597
24605
24611
24619
24627
24633
24639
24644
24652
24658
24665
24671
24677
24685
24693
24700
24707
24713
24720
24729
24735
24741
24748
24755
24761
24768
24776
24783
24790
24796
24803
24810
24817
24824
24831
24837
24843
24851
24857
24865
24871
24878
24885
24892
24899
24906
24914
24920
24928
24934
24941
24949
24957
24964
24971
24977
24983
24989
24996
25004
25010
25016
25023
25030
25036
25043
25050
25057
25064
25073
25079
25086
25093
25100
25106
25113
25121
25129
25137
25143
25149
25155
25163
25168
25175
25183
25191
25199
25207
25214
25222
25229
25236
25243
25250
25257
25264
25271
25278
25284
25291
25298
25305
25312
25319
25326
25333
25339
25347
25353
25359
25367
25374
25381
25388
25396
25402
25408
25417
25424
25430
25437
25444
25449
25457
25464
25473
25480
25486
25493
25500
25507
25515
25521
25528
25533
25542
25548
25555
25562
25569
25575
25582
25588
25596
25603
25611
25618
25625
25631
25638
25644
25652
25658
25665
25672
25680
25687
25693
25700
25706
25713
25722
25729
25735
25742
25749
25755
25762
25769
25776
25783
25790
25797
25803
25810
25817
25823
25831
25838
25845
25851
25858
25866
25875
25882
25889
25896
25903
25909
25917
25924
25932
25939
25946
25953
25959
25966
25973
25980
25986
25994
26001
26008
26015
26022
26028
26034
26042
26049
26056
26063
26070
26077
26085
26092
26099
26104
26110
26117
26124
26131
26139
26146
26153
26160
26167
26174
26180
26187
26194
26201
26209
26215
26221
26229
26235
26242
26250
26257
26264
26270
26278
26284
26293
26301
26307
26314
26321
26329
26336
26342
26349
26357
26363
26370
26378
26385
26391
26398
26406
26413
26420
26427
26435
26441
26448
26456
26464
26470
26477
26483
26491
26497
26505
26513
26520
26526
26534
26540
26547
26555
26563
26569
26577
26584
26590
26597
26604
26610
26617
26625
26631
26638
26645
26653
26660
26666
26673
26681
26689
26695
26702
26709
26718
26726
26733
26740
26747
26755
26763
26770
26777
26783
26790
26797
26804
26811
26819
26825
26832
26839
26846
26853
26860
26867
26873
26880
26887
26893
26900
26907
26915
26922
26928
26936
26943
26951
26957
26963
26970
26977
26984
26991
26998
27004
27011
27018
27024
27030
27038
27045
27053
27059
27065
27074
27080
27087
27095
27102
27110
27118
27126
27132
27138
27146
27152
27159
27165
27171
27178
27186
27194
27201
27208
27215
27222
27230
27238
27243
27250
27258
27265
27272
27280
27287
27294
27302
27309
27316
27324
27330
27337
27343
27349
27355
27362
27369
27377
27384
27391
27397
27403
27411
27418
27424
27431
27438
27445
27453
27460
27467
27474
27481
27488
27496
27502
27509
27517
27523
27531
27537
27543
27551
27559
27566
27572
27580
27588
27596
27604
27610
27616
27624
27630
27636
27642
27650
27657
27665
27672
27679
27687
27695
27703
27709
27717
27723
27730
27738
27745
27752
27759
27765
27772
27779
27786
27793
27799
27807
27815
27822
27830
27837
27843
27850
27857
27864
27872
27879
27886
27894
27900
27908
27915
27922
27928
27935
27942
27949
27955
27961
27970
27978
27985
27991
27998
28005
28011
28018
28024
28031
28038
28045
28051
28059
28066
28074
28080
28085
28091
28098
28105
28112
28119
28126
28133
28139
28146
28152
28160
28168
28175
28181
28189
28196
28204
28210
28217
28224
28231
28237
28244
28251
28258
28266
28273
28279
28286
28293
28300
28307
28314
28320
28326
28332
28339
28346
28352
28359
28367
28374
28381
28388
28395
28401
28409
28415
28422
28429
28437
28443
28450
28457
28463
28471
28478
28484
28492
28498
28505
28513
28518
28526
28533
28540
28547
28554
28561
28568
28575
28582
28588
28597
28603
28610
28617
28624
28631
28638
28645
28651
28658
28665
28673
28678
28684
28691
28697
28704
28712
28718
28724
28732
28738
28746
28754
28761
28768
28775
28782
28791
28798
28805
28813
28819
28827
28834
28842
28849
28855
28861
28869
28876
28885
28891
28898
28905
28913
28920
28928
28934
28941
28948
28955
28963
28969
28977
28984
28992
28999
29006
29013
29020
29026
29033
29039
29046
29052
29058
29066
29072
29079
29086
29092
29099
29106
29113
29122
29128
29134
29141
29147
29154
29160
29168
29175
29182
29188
29195
29201
29209
29215
29223
29230
29236
29242
29250
29256
29262
29269
29278
29285
29291
29300
29306
29313
29319
29326
29332
29340
29347
29355
29362
29368
29374
29381
29387
29395
29402
29410
29417
29424
29431
29438
29446
29454
29460
29467
29474
29481
29489
29495
29502
29510
29516
29523
29531
29538
29545
29553
29560
29566
29573
29579
29586
29593
29600
29608
29614
29620
29627
29634
29641
29648
29655
29662
29670
29678
29684
29690
29697
29705
29712
29721
29728
29736
29741
29747
29754
29761
29767
29774
29780
29787
29795
29803
29810
29816
29823
29831
29837
29846
29853
29860
29866
29873
29880
29887
29894
29901
29907
29914
29919
29926
29932
29940
29948
29955
29962
29970
29977
29984
29991
29999
30006
30013
30019
30027
30033
30040
30047
30055
30062
30069
30078
30084
30091
30098
30105
30112
30119
30126
30134
30140
30147
30154
30162
30169
30175
30183
30189
30195
30203
30211
30217
30224
30232
30239
30245
30253
30260
30268
30274
30282
30289
30297
30306
30312
30320
30327
30332
30339
30346
30354
30361
30368
30376
30383
30390
30397
30403
30409
30416
30423
30429
30437
30443
30450
30457
30464
30471
30478
30485
30492
30498
30505
30511
30517
30525
30533
30539
30545
30552
30558
30565
30572
30579
30588
30595
30602
30610
30616
30623
30631
30637
30644
30651
30658
30666
30672
30679
30687
30694
30700
30708
30715
30722
30729
30735
30742
30750
30757
30763
30772
30778
30784
30791
30798
30805
30811
30819
30825
30832
30840
30847
30853
30860
30868
30875
30884
30891
30898
30906
30913
30921
30927
30934
30940
30947
30953
30960
30968
30975
30980
30986
30994
31000
31006
31014
31021
31028
31034
31041
31048
31055
31063
31070
31077
31084
31091
31097
31104
31110
31117
31124
31131
31140
31147
31153
31159
31166
31173
31181
31187
31194
31200
31207
31215
31222
31230
31236
31243
31251
31257
31264
31273
31279
31286
31294
31301
31308
31315
31322
31329
31334
31342
31350
31358
31365
31371
31378
31384
31391
31398
31406
31412
31420
31427
31434
31442
31449
31458
31464
31471
31478
31485
31493
31500
31505
31513
31519
31526
31533
31540
31547
31555
31562
31569
31577
31584
31591
31598
31604
31611
31618
31625
31632
31638
31645
31651
31659
31666
31673
31681
31689
31696
31703
31709
31715
31723
31729
31736
31743
31751
31758
31765
31772
31778
31785
31792
31799
31806
31813
31821
31828
31835
31841
31849
31857
31865
31872
31880
31887
31893
31900
31908
31915
31921
31928
31934
31941
31948
31956
31963
31970
31978
31985
31992
31999
32006
32014
32021
32027
32033
32040
32047
32053
32058
32066
32074
32082
32089
32095
32102
32111
32117
32123
32130
32136
32144
32150
32158
32165
32172
32179
32186
32194
32201
32210
32216
32222
32230
32237
32246
32253
32261
32267
32274
32282
32289
32297
32304
32310
32316
32323
32331
32338
32345
32353
32360
32366
32374
32381
32388
32395
32402
32411
32418
32425
32432
32441
32448
32455
32461
32470
32477
32484
32491
32498
32505
32511
32518
32525
32533
32540
32546
32555
32562
32568
32575
32582
32589
32597
32604
32610
32617
32623
32629
32635
32642
32649
32655
32662
32669
32676
32684
32691
32698
32705
32713
32720
32726
32733
32741
32747
32754
32761
32768
32775
32782
32788
32794
32801
32807
32815
32822
32828
32834
32841
32849
32856
32863
32870
32877
32885
32893
32899
32906
32913
32920
32927
32933
32941
32949
32955
32962
32967
32973
32979
32985
32991
32998
33005
33011
33018
33023
33030
33037
33043
33050
33056
33064
33071
33078
33086
33093
33100
33108
33115
33123
33130
33137
33145
33151
33159
33166
33172
33181
33187
33194
33201
33208
33215
33220
33227
33233
33240
33247
33253
33262
33269
33276
33283
33290
33297
33304
33311
33319
33327
33334
33341
33348
33355
33361
33368
33374
33381
33387
33392
33400
33408
33415
33421
33428
33434
33442
33448
33454
33460
33467
33473
33480
33487
33495
33502
33510
33518
33524
33531
33537
33545
33552
33559
33567
33575
33583
33590
33596
33602
33608
33614
33621
33627
33634
33641
33647
33653
33661
33668
33674
33682
33689
33697
33703
33710
33716
33723
33731
33737
33744
33750
33757
33764
33771
33779
33786
33792
33799
33806
33813
33820
33826
33834
33841
33847
33856
33863
33870
33877
33884
33890
33897
33904
33912
33919
33927
33934
33940
33948
33955
33964
33971
33979
33986
33994
34000
34006
34012
34019
34025
34032
34038
34044
34051
34058
34064
34071
34077
34083
34091
34099
34106
34112
34119
34126
34132
34140
34147
34154
34161
34168
34174
34181
34187
34193
34199
34206
34213
34220
34227
34234
34241
34248
34255
34262
34269
34274
34280
34285
34293
34298
34306
34313
34320
34325
34331
34338
34345
34351
34357
34366
34374
34381
34389
34396
34402
34409
34416
34422
34431
34440
34446
34452
34459
34467
34473
34481
34488
34493
34498
34504
34511
34518
34525
34533
34539
34547
34554
34560
34567
34574
34583
34590
34598
34605
34611
34617
34625
34631
34637
34644
34650
34657
34665
34670
34679
34687
34695
34701
34708
34717
34723
34731
34738
34744
34752
34758
34765
34772
34778
34785
34792
34800
34807
34814
34821
34827
34834
34841
34847
34852
34857
34863
34871
34878
34886
34893
34900
34906
34913
34920
34926
34933
34940
34946
34954
34960
34967
34975
34982
34988
34995
35003
35011
35018
35024
35031
35037
35044
35051
35060
35067
35074
35081
35087
35092
35099
35106
35113
35119
35126
35132
35140
35147
35154
35160
35167
35174
35181
35188
35195
35201
35209
35215
35222
35229
35235
35242
35248
35255
35261
35268
35274
35281
35287
35293
35300
35307
35313
35320
35326
35333
35340
35349
35357
35363
35369
35376
35385
35392
35400
35405
35411
35419
35425
35432
35439
35445
35452
35458
35465
35471
35477
35484
35491
35497
35505
35510
35517
35523
35529
35537
35545
35553
35561
35568
35575
35582
35589
35597
35605
35612
35618
35624
35630
35636
35643
35651
35661
35667
35674
35681
35689
35696
35703
35710
35717
35724
35731
35738
35744
35751
35758
35766
35773
35779
35786
35794
35800
35806
35812
35820
35826
35833
35839
35847
35854
35862
35868
35875
35882
35888
35895
35901
35909
35915
35922
35930
35937
35945
35954
35962
35968
35975
35983
35989
35997
36003
36009
36018
36026
36032
36039
36048
36055
36063
36070
36076
36083
36090
36097
36103
36112
36118
36125
36133
36139
36146
36152
36159
36165
36172
36179
36186
36192
36199
36208
36215
36223
36230
36236
36242
36250
36256
36263
36270
36276
36282
36288
36296
36303
36309
36316
36322
36328
36336
36344
36352
36360
36367
36375
36382
36388
36394
36401
36407
36415
36422
36429
36436
36442
36450
36457
36464
36472
36478
36486
36493
36500
36507
36513
36520
36527
36534
36541
36548
36555
36562
36569
36575
36582
36589
36596
36603
36610
36617
36624
36630
36636
36644
36651
36658
36666
36673
36679
36686
36692
36699
36706
36714
36719
36728
36734
36741
36747
36754
36760
36766
36772
36778
36783
36790
36797
36803
36811
36818
36825
36832
36838
36846
36854
36860
36867
36875
36881
36888
36895
36902
36909
36916
36922
36931
36937
36944
36952
36958
36965
36971
36977
36985
36993
36999
37006
37013
37021
37027
37035
37042
37050
37058
37064
37070
37077
37083
37090
37096
37103
37109
37116
37124
37131
37138
37145
37151
37158
37164
37171
37178
37185
37193
37200
37205
37212
37217
37223
37231
37238
37245
37252
37258
37266
37273
37280
37287
37294
37300
37308
37315
37325
37332
37339
37346
37352
37360
37366
37372
37380
37387
37394
37401
37408
37415
37422
37429
37434
37442
37450
37457
37465
37472
37478
37486
37493
37499
37506
37513
37519
37524
37529
37535
37542
37547
37556
37563
37569
37575
37581
37588
37596
37604
37611
37618
37626
37634
37640
37647
37654
37662
37668
37676
37683
37691
37697
37703
37710
37717
37724
37733
37740
37747
37754
37761
37767
37774
37781
37789
37796
37802
37809
37815
37823
37831
37838
37846
37853
37861
37868
37875
37882
37888
37894
37899
37904
37910
37918
37926
37932
37939
37945
37952
37959
37965
37973
37981
37988
37994
37999
38006
38012
38018
38024
38030
38037
38044
38051
38059
38065
38071
38078
38085
38092
38099
38107
38114
38122
38129
38136
38142
38149
38156
38162
38169
38176
38184
38192
38199
38205
38212
38219
38226
38232
38239
38246
38252
38259
38265
38272
38280
38287
38293
38300
38308
38315
38322
38329
38336
38343
38349
38355
38362
38367
38374
38382
38389
38396
38404
38410
38416
38422
38428
38433
38439
38447
38454
38462
38469
38476
38482
38489
38496
38503
38510
38517
38524
38530
38536
38544
38552
38558
38565
38571
38578
38585
38592
38599
38604
38610
38617
38624
38631
38637
38643
38649
38656
38662
38670
38677
38683
38690
38697
38704
38711
38718
38724
38731
38737
38744
38753
38760
38766
38771
38778
38785
38792
38797
38805
38812
38820
38828
38833
38840
38847
38854
38862
38868
38876
38882
38890
38897
38905
38913
38919
38926
38933
38940
38948
38954
38960
38967
38975
38982
38989
38996
39003
39011
39018
39025
39033
39039
39045
39052
39059
39066
39074
39080
39086
39092
39099
39106
39113
39120
39129
39135
39142
39148
39154
39160
39166
39174
39182
39189
39196
39202
39210
39218
39225
39230
39237
39244
39252
39259
39267
39273
39281
39288
39297
39303
39310
39317
39324
39331
39337
39343
39350
39356
39362
39370
39378
39385
39393
39400
39407
39413
39420
39429
39435
39441
39448
39454
39462
39469
39476
39484
39491
39497
39505
39513
39520
39526
39533
39540
39546
39552
39559
39566
39573
39579
39585
39592
39600
39607
39614
39622
39629
39636
39643
39649
39655
39663
39669
39676
39683
39689
39697
39704
39711
39718
39725
39731
39739
39746
39755
39761
39768
39775
39783
39789
39795
39802
39809
39815
39821
39829
39835
39842
39850
39856
39864
39871
39879
39886
39894
39900
39907
39913
39920
39929
39934
39942
39949
39957
39964
39971
39978
39985
39992
39999
40006
40015
40023
40029
40036
40043
40048
40055
40062
40068
40075
40081
40088
40096
40103
40110
40117
40124
40131
40139
40145
40152
40159
40165
40172
40179
40187
40194
40201
40209
40216
40224
40234
40240
40247
40254
40260
40267
40273
40283
40289
40296
40303
40310
40317
40324
40332
40340
40347
40353
40361
40369
40376
40384
40390
40398
40404
40411
40418
40424
40431
40439
40445
40451
40457
40465
40471
40478
40484
40491
40497
40504
40512
40519
40526
40533
40540
40547
40555
40563
40571
40578
40585
40591
40599
40605
40613
40620
40627
40633
40640
40648
40656
40664
40671
40676
40682
40689
40697
40705
40713
40721
40728
40735
40742
40750
40756
40763
40772
40778
40784
40791
40798
40804
40812
40819
40826
40834
40842
40848
40854
40861
40867
40874
40880
40887
40893
40900
40907
40913
40920
40926
40933
40941
40948
40954
40960
40967
40974
40980
40986
40994
41001
41008
41015
41023
41029
41035
41042
41050
41057
41065
41071
41078
41085
41092
41099
41106
41113
41120
41126
41134
41140
41147
41153
41161
41168
41176
41182
41189
41196
41202
41209
41216
41224
41230
41236
41245
41252
41259
41265
41271
41278
41284
41290
41298
41305
41312
41319
41325
41331
41338
41344
41353
41359
41367
41376
41383
41389
41396
41402
41408
41416
41423
41431
41439
41445
41451
41458
41465
41473
41479
41486
41493
41501
41508
41515
41522
41530
41536
41543
41549
41556
41563
41570
41576
41583
41592
41599
41607
41614
41622
41629
41634
41642
41650
41656
41665
41672
41679
41685
41693
41699
41707
41713
41721
41727
41733
41740
41747
41754
41762
41770
41777
41783
41791
41798
41804
41812
41819
41825
41832
41839
41845
41853
41859
41866
41873
41881
41887
41895
41904
41911
41917
41924
41931
41937
41944
41952
41957
41963
41970
41978
41985
41990
41996
42003
42009
42016
42023
42030
42037
42044
42051
42058
42064
42070
42078
42085
42092
42099
42107
42114
42121
42128
42135
42142
42150
42158
42164
42173
42179
42186
42194
42200
42207
42214
42222
42228
42234
42240
42247
42254
42261
42268
42276
42283
42290
42298
42304
42310
42317
42324
42331
42338
42344
42352
42359
42366
42373
42380
42388
42394
42401
42408
42416
42424
42429
42437
42444
42451
42457
42464
42470
42477
42483
42489
42497
42504
42513
42520
42527
42534
42543
42550
42557
42565
42572
42579
42586
42593
42600
42606
42613
42621
42627
42634
42642
42650
42658
42664
42671
42679
42687
42693
42700
42708
42715
42724
42731
42738
42745
42752
42759
42764
42770
42778
42786
42794
42800
42806
42812
42818
42825
42832
42838
42844
42851
42857
42862
42868
42874
42881
42888
42894
42903
42910
42917
42925
42932
42938
42944
42951
42958
42965
42971
42978
42985
42992
42998
43004
43010
43017
43024
43030
43037
43043
43050
43057
43064
43071
43077
43085
43091
43098
43105
43113
43119
43126
43134
43141
43148
43157
43164
43173
43179
43186
43192
43199
43207
43213
43219
43227
43233
43240
43247
43255
43263
43270
43279
43286
43293
43300
43307
43314
43320
43327
43336
43343
43350
43358
43365
43372
43379
43387
43393
43401
43407
43414
43421
43428
43435
43441
43447
43454
43459
43467
43473
43480
43489
43497
43505
43513
43520
43527
43535
43542
43548
43554
43560
43567
43575
43583
43589
43596
43604
43611
43617
43625
43632
43639
43647
43653
43661
43669
43677
43684
43691
43698
43705
43711
43717
43723
43730
43738
43745
43752
43759
43765
43772
43778
43786
43791
43797
43802
43810
43817
43823
43829
43836
43845
43852
43858
43865
43872
43879
43886
43894
43901
43907
43914
43922
43929
43936
43944
43952
43959
43965
43972
43980
43987
43994
44001
44007
44014
44022
44028
44035
44042
44048
44054
44061
44067
44073
44081
44089
44095
44102
44110
44116
44122
44130
44137
44145
44153
44159
44166
44173
44181
44188
44195
44203
44210
44217
44224
44230
44239
44248
44254
44260
44267
44274
44281
44288
44295
44302
44308
44314
44323
44329
44337
44344
44351
44359
44365
44371
44377
44384
44390
44396
44403
44411
44418
44425
44432
44439
44446
44452
44459
44466
44473
44479
44487
44493
44499
44506
44513
44519
44526
44534
44542
44548
44557
44563
44572
44578
44585
44592
44599
44606
44613
44619
44626
44633
44640
44648
44655
44662
44669
44677
44684
44690
44696
44703
44710
44717
44725
44732
44739
44746
44753
44759
44766
44771
44779
44787
44794
44800
44807
44815
44822
44829
44836
44843
44849
44857
44864
44873
44879
44887
44894
44901
44908
44915
44922
44930
44937
44943
44950
44956
44962
44968
44975
44981
44987
44993
45000
45008
45014
45020
45028
45036
45042
45048
45056
45062
45068
45075
45082
45088
45096
45103
45110
45118
45125
45132
45139
45146
45153
45160
45167
45174
45181
45188
45196
45202
45209
45217
45224
45230
45237
45244
45251
45258
45265
45272
45280
45287
45294
45301
45308
45316
45323
45330
45337
45344
45351
45357
45365
45371
45377
45383
45391
45397
45405
45413
45420
45427
45433
45439
45444
45451
45458
45466
45474
45481
45488
45495
45500
45506
45513
45519
45525
45531
45538
45546
45552
45561
45567
45575
45582
45589
45595
45600
45608
45614
45621
45629
45636
45642
45649
45655
45661
45668
45675
45681
45687
45694
45702
45710
45717
45722
45730
45738
45745
45752
45761
45768
45774
45782
45789
45796
45804
45811
45818
45826
45832
45839
45846
45852
45858
45866
45874
45880
45886
45893
45900
45906
45913
45921
45928
45935
45942
45948
45954
45962
45970
45977
45985
45991
45999
46006
46012
46020
46027
46033
46039
46046
46054
46060
46068
46077
46083
46089
46094
46100
46107
46112
46118
46124
46133
46140
46148
46155
46162
46170
46176
46181
46188
46197
46204
46209
46216
46223
46230
46236
46243
46249
46256
46264
46270
46277
46284
46292
46299
46306
46312
46318
46325
46333
46341
46348
46353
46361
46366
46373
46378
46383
46388
46394
46401
46407
46413
46419
46424
46431
46437
46443
46450
46458
46464
46472
46480
46487
46493
46500
46505
46512
46520
46528
46535
46542
46549
46556
46562
46570
46577
46585
46591
46598
46604
46611
46618
46624
46630
46637
46643
46649
46656
46663
46670
46676
46684
46691
46699
46705
46712
46719
46726
46732
46739
46746
46753
46760
46767
46774
46779
46786
46794
46801
46808
46816
46822
46828
46835
46842
46849
46855
46862
46869
46876
46882
46890
46898
46905
46911
46918
46925
46932
46939
46946
46953
46960
46968
46976
46982
46988
46995
47003
47009
47016
47024
47032
47038
47046
47053
47061
47068
47074
47080
47086
47094
47101
47108
47115
47122
47128
47136
47143
47149
47156
47162
47168
47175
47184
47192
47199
47206
47213
47219
47226
47232
47239
47247
47253
47260
47266
47273
47280
47286
47292
47299
47306
47313
47320
47327
47333
47338
47344
47349
47357
47363
47369
47375
47381
47388
47395
47402
47409
47415
47423
47428
47434
47443
47450
47458
47464
47470
47476
47481
47488
47495
47502
47509
47516
47523
47532
47538
47545
47550
47556
47562
47568
47574
47582
47590
47596
47602
47608
47615
47623
47630
47637
47643
47651
47658
47665
47670
47677
47684
47689
47695
47702
47710
47717
47723
47729
47735
47744
47753
47760
47767
47773
47779
47787
47793
47800
47806
47813
47821
47827
47832
47839
47846
47853
47860
47866
47873
47881
47887
47894
47900
47908
47914
47921
47928
47936
47943
47949
47956
47963
47970
47978
47986
47995
48002
48009
48017
48024
48032
48038
48045
48052
48060
48067
48073
48080
48086
48093
48101
48108
48115
48122
48130
48136
48143
48149
48156
48164
48171
48177
48184
48192
48198
48205
48213
48221
48227
48233
48240
48247
48255
48262
48269
48275
48282
48289
48297
48303
48310
48318
48326
48333
48340
48348
48357
48364
48370
48378
48384
48389
48396
48403
48410
48417
48425
48433
48441
48447
48455
48462
48469
48476
48483
48490
48497
48504
48510
48516
48523
48529
48537
48544
48552
48560
48566
48572
48580
48586
48592
48599
48606
48613
48619
48625
48632
48639
48646
48653
48660
48667
48673
48681
48686
48694
48701
48708
48716
48723
48731
48738
48743
48752
48758
48765
48772
48780
48788
48795
48802
48810
48817
48824
48830
48837
48844
48849
48857
48863
48869
48875
48881
48887
48894
48899
48904
48910
48916
48924
48930
48936
48944
48951
48959
48966
48974
48981
48988
48996
49003
49009
49016
49022
49029
49036
49042
49048
49056
49061
49068
49074
49080
49086
49093
49101
49109
49117
49124
49131
49137
49144
49150
49158
49165
49171
49178
49186
49193
49199
49206
49211
49218
49225
49232
49238
49246
49254
49262
49269
49277
49284
49289
49295
49302
49310
49316
49324
49332
49339
49346
49353
49361
49367
49373
49381
49388
49395
49403
49411
49417
49424
49430
49436
49443
49449
49456
49464
49471
49478
49485
49490
49496
49503
49510
49516
49522
49529
49536
49541
49548
49554
49561
49568
49576
49584
49591
49598
49606
49614
49620
49627
49633
49640
49646
49653
49659
49668
49674
49681
49688
49694
49700
49707
49715
49722
49729
49735
49741
49748
49753
49761
49768
49776
49781
49788
49794
49801
49808
49816
49823
49829
49835
49842
49849
49856
49863
49871
49879
49886
49894
49901
49908
49915
49922
49929
49935
49943
49950
49957
49964
49971
49978
49984
49993
50001
50008
50015
50023
50030
50037
50045
50052
50060
50067
50074
50082
50089
50095
50101
50107
50113
50120
50126
50133
50141
50149
50156
50163
50170
50177
50184
50190
50196
50203
50210
50219
50225
50233
50240
50247
50255
50262
50269
50276
50283
50290
50298
50304
50311
50319
50325
50332
50339
50347
50354
50360
50368
50376
50383
50390
50396
50404
50410
50416
50424
50431
50438
50446
50452
50459
50466
50474
50481
50489
50495
50502
50511
50516
50523
50529
50537
50543
50549
50555
50562
50569
50576
50583
50590
50597
50604
50611
50617
50624
50630
50638
50646
50653
50661
50667
50674
50681
50688
50695
50702
50709
50717
50723
50730
50740
50746
50752
50758
50765
50772
50779
50786
50793
50800
50807
50815
50821
50827
50834
50841
50848
50856
50862
50870
50875
50881
50888
50894
50901
50908
50914
50920
50927
50933
50940
50947
50955
50962
50968
50974
50980
50987
50994
51000
51006
51012
51018
51025
51032
51038
51045
51051
51057
51064
51071
51080
51086
51092
51100
51107
51113
51120
51127
51134
51140
51147
51153
51159
51167
51174
51181
51188
51194
51200
51207
51213
51220
51227
51233
51240
51247
51254
51261
51269
51276
51282
51289
51297
51304
51310
51316
51322
51329
51338
51345
51353
51361
51367
51374
51380
51386
51391
51399
51407
51413
51420
51426
51434
51442
51451
51459
51465
51474
51480
51487
51494
51500
51507
51515
51522
51529
51536
51544
51550
51556
51565
51572
51579
51584
51591
51598
51605
51613
51620
51627
51634
51642
51650
51657
51664
51671
51678
51685
51691
51697
51703
51712
51718
51724
51731
51737
51745
51752
51757
51765
51773
51779
51786
51794
51801
51809
51816
51823
51830
51838
51844
51851
51858
51866
51873
51879
51887
51893
51901
51908
51915
51921
51928
51935
51942
51949
51956
51963
51969
51975
51982
51989
51997
52004
52011
52018
52025
52034
52040
52047
52054
52059
52066
52074
52081
52088
52094
52100
52106
52112
52120
52127
52134
52139
52146
52152
52159
52167
52173
52180
52187
52193
52200
52206
52213
52219
52225
52232
52239
52247
52254
52262
52269
52275
52280
52286
52293
52299
52306
52313
52320
52327
52333
52338
52345
52352
52359
52366
52373
52378
52386
52393
52399
52407
52415
52422
52428
52434
52442
52449
52456
52464
52470
52476
52481
52487
52493
52501
52509
52516
52524
52531
52538
52545
52552
52558
52565
52572
52579
52586
52592
52598
52605
52611
52616
52624
52631
52638
52645
52652
52659
52666
52673
52679
52685
52691
52698
52705
52712
52718
52725
52732
52737
52743
52749
52755
52762
52768
52775
52782
52789
52794
52801
52807
52814
52822
52828
52837
52844
52851
52857
52863
52870
52877
52883
52890
52898
52904
52910
52916
52923
52929
52936
52943
52950
52956
52965
52973
52979
52986
52993
53000
53007
53014
53021
53028
53035
53041
53048
53055
53063
53069
53075
53083
53090
53097
53105
53112
53118
53123
53129
53135
53139
53145
53153
53159
53166
53174
53181
53187
53193
53201
53208
53215
53222
53229
53237
53245
53250
53256
53262
53268
53274
53281
53290
53297
53304
53310
53316
53322
53327
53334
53340
53347
53353
53359
53364
53370
53378
53384
53391
53397
53404
53411
53417
53424
53429
53437
53443
53449
53456
53464
53471
53478
53483
53490
53498
53505
53512
53518
53524
53529
53535
53541
53548
53554
53562
53569
53576
53584
53591
53597
53603
53609
53614
53619
53624
53632
53638
53645
53652
53658
53664
53671
53677
53683
53690
53698
53705
53710
53716
53722
53729
53735
53741
53746
53753
53758
53764
53770
53776
53786
53792
53800
53806
53812
53820
53826
53833
53840
53847
53854
53862
53869
53876
53884
53891
53897
53903
53908
53915
53923
53930
53940
53947
53954
53961
53967
53974
53981
53987
53995
54001
54008
54015
54022
54029
54036
54043
54050
54056
54063
54070
54076
54085
54092
54100
54106
54112
54118
54124
54131
54138
54144
54151
54158
54164
54172
54180
54187
54193
54200
54206
54213
54221
54226
54234
54240
54246
54253
54260
54267
54274
54280
54286
54292
54298
54307
54316
54325
54332
54339
54346
54352
54359
54366
54372
54379
54388
54395
54402
54409
54416
54423
54431
54436
54442
54448
54455
54461
54468
54475
54483
54491
54499
54506
54514
54520
54526
54534
54541
54547
54553
54560
54566
54573
54580
54586
54593
54599
54605
54612
54618
54625
54632
54639
54646
54653
54659
54667
54674
54681
54688
54695
54703
54710
54715
54721
54728
54735
54742
54747
54754
54759
54766
54770
54775
54783
54790
54797
54803
54810
54817
54823
54830
54836
54842
54850
54856
54864
54871
54877
54883
54889
54895
54902
54907
54913
54920
54925
