-3.6489929e-297
0.019362347
0.015285494
0.13826162
0.14360435
0.17567378
0.15440072
0.14341502
0.16516167
0.30743638
0.30524361
0.32740761
0.20689593
0.20798582
0.18831434
-0.093462569
-0.082613686
-0.070169026
0.063904511
0.085492383
0.06513456
0.26700106
0.28465959
0.29493703
0.14955745
0.12974603
0.12415883
-0.005260816
0.016369135
0.00024124536
-0.044390719
-0.058468322
-0.043290613
0.048219835
0.046168845
0.065524901
0.039906289
0.039740536
0.018457264
0.18465132
0.16581912
0.013503327
0.0063418619
-0.0035557348
-0.060543085
-0.075723232
-0.070001014
0.078996967
0.10013114
0.098801007
0.029343863
0.0041520126
0.029499335
0.094290376
0.11175606
0.095895736
-0.031106825
-0.017474251
0.18618056
0.19558309
0.031235102
0.014962928
0.42915425
0.41711303
0.43038838
0.096648871
0.083058445
0.077564716
0.057322577
0.038873703
0.0044293998
-0.018312779
-0.01321726
0.39066938
0.37028957
0.36889275
0.43026308
0.42805553
0.46363938
0.10557436
0.085849781
0.10138921
-0.066459987
-0.04904716
-0.052492195
0.4019012
0.40052191
0.41445558
0.0024504755
0.11057559
0.089725811
0.010352272
-0.012010812
-0.010634633
0.061841665
0.039557478
0.035849203
0.03035464
0.0051542645
-0.035854891
0.12370137
0.099471758
0.11131212
-0.11794912
-0.13366318
-0.1304638
-0.015186555
-0.010496922
-0.030180589
0.023859562
0.10446482
0.088855381
0.32736236
0.31034232
0.32963581
0.25974015
0.2566664
0.27601962
0.05993963
0.066942089
0.043177828
0.00043702363
-0.0043421455
0.011153993
-0.0094845641
-0.021706148
-0.00066911399
0.22014063
0.24299297
0.22284003
0.026728533
0.045001237
0.22585652
0.20240764
0.20136904
-0.11791524
-0.13013035
-0.11695935
-0.067286134
-0.045455307
-0.052262548
0.35813333
0.34783768
0.33026973
0.016756954
0.013161711
0.0024359748
-0.0020889253
0.15412029
0.16166866
0.17829906
0.065025758
0.061143412
0.074923625
0.073447041
0.024246789
0.028691071
0.012970882
0.014928087
0.070751427
0.081055048
0.094496008
-0.072801886
-0.053366266
-0.060442958
0.054146462
0.028545095
0.30002736
0.31785705
0.32529309
0.11194572
0.1019735
0.12725141
-0.042693325
-0.032227832
-0.055571411
0.27297995
0.28381115
0.26138026
-0.064946955
-0.043719445
-0.048568702
0.069120355
0.087513637
0.033534485
0.025773026
0.13426558
0.10068574
0.11086786
0.066425541
0.046795118
0.064194834
0.085721738
0.11681395
0.073270911
0.043102511
0.067069996
0.082354904
0.08022239
0.0092517451
0.35309612
0.33555421
0.35637326
-0.030395022
-0.02724833
0.044061692
0.032169681
0.024940957
0.16076791
0.17755176
0.18048549
0.25217983
0.23180982
0.24502527
0.083268223
-0.043873362
-0.021965431
-0.030544165
-0.035523903
0.12834415
0.15329652
0.14728514
-0.07146351
-0.073269143
0.233857
0.23251138
0.24738155
0.14950045
0.16779538
0.14563271
0.358905
0.3516122
0.37192473
0.075625582
0.05108723
0.065573213
0.057128147
0.11636171
0.12846931
0.10834432
0.0027473619
-0.014279874
0.0004155592
-0.092595458
-0.085287839
-0.11079415
-0.037998558
-0.038987733
0.1415202
0.15713464
0.16702816
0.10887743
0.089729995
0.099786423
0.0091178082
-0.0092290952
-0.0068511552
0.0081121203
0.020020613
-0.19971254
-0.19655063
-0.2087177
-0.0084694373
0.013724981
-0.03197426
-0.017234683
-0.038418821
-0.0058597039
0.038602612
0.020867858
0.035244955
0.098441722
0.1233571
0.12794632
-0.03193652
0.13047273
0.10655308
0.11189416
0.023213368
0.024803018
0.040745889
0.12308938
0.13795506
0.12074265
-0.020172094
0.13543105
0.18780417
0.21387376
0.19811387
-0.046740742
-0.061711468
-0.061840296
0.14124279
-0.025043801
-0.047084307
-0.024238619
-0.10285893
-0.099618419
0.082714363
0.097288441
-0.0031985654
-0.024513874
0.12607636
0.10317095
-0.11502268
-0.13017673
-0.11437458
-0.074729203
-0.062854761
-0.0073247397
-0.019810542
-0.08996188
-0.074201308
-0.098088066
-0.078363564
-0.078577217
0.017632787
-0.003629607
0.011052041
0.065264443
0.068733783
0.081364715
0.1800657
0.17932298
0.15444114
0.15230629
0.062821053
0.24843878
0.21756745
0.22983729
0.18405287
0.20132314
0.030002719
0.16729889
0.20714554
0.22108412
0.046069516
0.055052774
0.15790029
0.18148657
0.0074488055
-0.11163937
-0.096615686
-0.10757817
0.35729907
0.38101363
0.38178583
0.33178797
0.34222153
0.31603523
0.046881552
0.065614951
0.056985114
-0.045664375
-0.024219123
-0.032783547
0.063365831
0.080364996
0.1355611
0.023937675
0.25567982
0.26926895
0.28604143
0.46768871
0.44626062
0.45544969
0.20605285
0.2245465
0.22223223
0.090420632
0.33145585
0.3518924
0.33962197
0.16870781
0.12648335
0.14306964
-0.17945621
-0.16058781
-0.17386662
-0.065118926
-0.080292618
-0.018088505
0.17654176
0.19887456
0.15827883
-0.043158371
-0.04913194
0.039452896
0.055059094
0.068023119
0.03995479
0.024086612
0.034563907
0.23099957
0.19592569
0.088992119
0.13349538
-0.021736704
-0.059353148
-0.036738337
0.049196303
0.14730775
0.16352617
0.1656611
0.090844062
0.044872232
0.039983312
0.056386702
0.044968307
-0.0086802709
0.02794567
0.080723961
0.11081399
0.31577054
0.34218422
0.32528835
0.35107486
-0.0476146
0.77742469
0.75876162
0.77572719
0.30150626
0.29443517
0.27288027
0.020686946
0.77408934
0.79424498
0.76342118
0.15203127
0.14182106
0.16993792
0.10889856
0.11313401
0.046366556
-0.070832097
-0.088749779
-0.065503146
0.18614174
0.18162763
0.20987296
0.22806231
0.20439085
0.22390779
0.26819876
0.26197969
0.24468077
0.20642144
0.24707382
0.22379937
-0.040479867
-0.061654586
-0.037873663
0.054067516
0.0076692313
0.1889793
0.1761691
0.16238379
0.2490836
0.24875326
0.015517431
0.0073120165
0.025629365
-0.07957287
-0.06594279
-0.068223111
0.19450631
0.20437101
0.20954996
0.37492808
0.003057996
-0.0077912358
0.063467088
-0.32620248
-0.33557802
-0.33051732
0.12310503
0.10980256
0.15564358
0.24854402
0.24603966
0.29187783
0.28568026
0.30203881
0.27009228
0.2692497
0.26826074
0.25496013
0.24766407
0.27762823
0.3717622
0.35333063
0.34842061
0.34637004
0.30937474
0.31811092
0.30875698
0.29391044
0.27983825
0.42243484
0.42659249
0.28731487
0.30285122
0.33400979
0.28689204
0.28982523
0.31125362
0.30883439
0.27031998
0.28973346
0.29886782
0.44177316
0.30870433
0.31098414
0.293255
-0.029980963
-0.032919711
-0.016209831
0.05734331
0.38734139
0.37121603
0.37111925
0.093017944
0.09693403
0.10662472
0.23598656
-0.1350272
-0.11871211
-0.1375381
-0.051376572
0.26328141
0.050273251
0.055302199
0.036078323
0.15458111
0.17024737
0.16815699
0.22861705
0.35728369
0.33646501
0.35793391
0.057900747
0.081383927
-0.05133815
0.064737717
0.054354702
0.051735981
0.22592247
0.24500127
0.24311866
0.35499545
0.336692
0.35299952
0.039543843
-0.023945631
-0.036616131
-0.012478743
0.15285283
0.13381866
0.15967172
0.32597569
0.35788396
0.36841329
0.052595405
-0.075734723
0.080975644
0.075396553
0.090505754
-0.086272644
-0.11557826
0.0249283
0.015585828
0.084700533
-0.028463934
0.18955515
0.21030385
0.20907096
-0.027383032
0.025799103
0.1698457
0.17972001
0.089307464
0.10772218
0.093648788
0.07691301
0.3699493
0.31641237
0.39172647
0.32414869
0.29844657
0.30544211
0.33106625
0.14723436
0.15751744
0.13153608
0.13418374
0.18157962
0.21946779
0.25933047
0.20349386
0.19049387
0.17691542
0.30041139
0.27339673
0.28794204
0.25382236
0.22614269
0.22455237
0.24760396
0.0026711651
-0.041761071
-0.029350344
-0.046015028
-0.035657894
-0.010093421
0.3357667
0.32818127
0.35690937
0.31283311
0.11000462
0.15873093
0.1418346
0.17605703
0.2793965
0.27146989
-0.00013383718
0.10218208
0.11456247
0.1218987
-0.086019096
-0.058708346
-0.0090254012
0.1975206
-0.083819599
-0.074843279
-0.064527136
0.36586302
-0.030936653
0.034681951
0.042602857
0.18431881
0.17729421
0.20487153
0.070148544
0.079295305
-0.27993219
-0.2813347
-0.27228858
0.3405149
0.32886079
0.35300931
-0.013079613
-0.018230234
0.0014604076
0.63844066
0.65214144
0.6559003
0.062175372
0.17075123
0.15266176
0.1470396
0.069767562
0.32144405
0.10049745
0.11557367
0.64107151
0.63607197
0.65889257
0.23304343
0.21868185
0.15507137
0.18203918
0.21527752
0.21344576
0.42419834
0.4075258
0.39379684
0.21470457
0.23686715
0.37143081
0.35842715
0.2952266
0.31957519
-0.059246168
-0.076486061
-0.052748871
0.090949798
0.020899998
-0.095587965
0.11135742
0.014011866
-0.2144007
-0.21685417
0.026073636
-0.065622603
-0.080999166
-0.051858962
-0.072239203
0.42965264
0.40332865
0.41159196
0.33234342
0.21620413
0.18584514
0.20128643
0.26996393
0.029203744
0.12562732
0.13237867
0.14878083
0.074057198
0.44458651
0.4192461
0.42747361
0.45202392
0.43700192
0.13222609
-0.021916408
-0.003570823
-0.021821422
0.20058212
0.20160659
0.38459214
0.31242947
0.37261107
0.18937334
0.17761864
0.1896201
0.3824675
0.41543724
0.43812164
0.41027427
0.25327093
0.25692834
0.23639598
0.16705693
0.22946056
0.24672594
0.39375851
0.23127187
0.24203974
0.22283788
0.34639315
0.3441365
0.36115996
0.41255185
0.12672264
0.23200442
0.2215814
0.24192338
0.11687279
0.34723619
-0.07790434
0.20904551
0.20476868
-0.097177196
0.20770377
0.16796035
0.14300214
-0.017860101
-0.032386537
0.26711826
0.23745722
0.11736344
0.20718203
-0.10179175
-0.1042155
-0.12111055
0.273923
0.28271198
0.26709635
-0.079618928
0.26537735
-0.13996617
-0.15791838
-0.12750801
0.23061353
0.20781937
0.22019443
0.25646326
0.25494195
0.24278734
0.16601439
0.15628076
0.16827086
0.00015632772
-0.004474274
-0.013206305
0.059202605
0.032226744
0.05097992
-0.013029524
-0.09825853
-0.086680411
-0.097995054
0.2533189
0.23790198
0.24372089
-0.029199363
-0.030344662
0.21186292
0.23330545
0.20728231
0.20629985
0.22634586
-0.019973783
0.23006207
0.75438321
0.75151506
0.74021112
-0.10738496
-0.10989181
-0.11457238
-0.093081766
-0.080547782
-0.084132958
0.47166035
0.45185493
0.45303741
0.5433063
0.52067964
0.51366587
0.10937611
0.082276458
0.13563068
-0.083649488
-0.062767233
-0.11053027
0.47885683
0.49915246
0.47459608
-0.18221
-0.19236994
-0.18993041
0.31901787
0.34264991
0.31612289
-0.046288151
0.28839537
0.30686204
0.2901699
0.12266906
0.11284552
0.11862839
0.096461681
0.089305649
0.081756219
0.28642923
0.2688913
0.095534729
0.079436084
0.72986775
0.7578715
0.75315611
0.32398411
0.34818338
0.33676866
0.22446692
0.20892825
0.21245218
-0.08270956
0.79190623
0.79679758
0.7707279
0.10825416
0.32548636
0.29443636
-0.299773
-0.29102335
-0.2909611
0.18860432
0.17753063
0.16725366
-0.068812588
-0.090459073
0.26365519
0.30796266
0.32956606
0.32195764
-0.0034868057
0.16757312
0.13652687
0.13965656
0.12603213
0.11801016
-0.23740618
-0.23345814
-0.22689171
0.19155427
0.4520897
0.28275145
-0.20624408
-0.20121304
-0.21430246
0.15925571
0.17072594
0.49800441
0.47836873
0.48975947
0.46160595
0.47323146
0.44519174
0.26363851
0.24902461
0.2614652
0.075392391
0.055436856
0.076425416
0.086244911
0.066764493
0.34205976
0.35608552
0.39715811
0.37492779
0.031191174
0.047531167
0.24609726
0.2481921
0.27258075
0.14527643
0.14735591
0.19195702
0.24618305
0.26090054
0.29206501
0.31194976
-0.04430983
-0.025555484
-0.052450472
0.0040414135
0.30818353
0.3118205
0.29229791
0.49987974
0.52073891
0.48472276
-0.133092
0.16396977
0.16576805
0.18550082
0.19859741
0.16900756
0.21913029
0.28517822
0.2785958
0.26488989
-0.10013328
-0.10263562
-0.17788747
-0.16456396
0.18837747
0.16843125
0.16847236
0.39554476
0.37717888
-0.058199386
-0.015911482
-0.021676625
-0.010019552
0.1418515
0.12422575
0.19294414
0.23786718
0.22739178
0.21786399
0.12712972
0.35355932
0.35132709
0.36709198
-0.063765944
-0.072093441
-0.07932336
0.23931193
0.26472165
0.23173825
0.24347633
0.22584282
-0.046785757
-0.054261618
0.78215866
0.19718686
0.3316369
0.11942458
0.1416959
0.11956167
0.12843769
-0.022345354
-0.089349871
0.15165735
0.13825331
-0.011439828
-0.080819425
0.060190896
0.065241381
0.15009258
-0.046511397
0.29418498
0.31027091
0.14443712
0.074680531
0.059087916
0.067242013
0.12727299
-0.049768959
0.25095722
0.22126549
0.17196379
0.15955493
0.20564573
0.23227422
0.14494517
0.27995394
0.28104895
0.38229969
0.37034904
0.49813077
0.21792574
0.35342355
0.012361469
0.24407958
0.22642696
0.25132094
-0.037603779
0.2587776
0.25456356
0.27591805
0.27208447
0.26329178
-0.33098505
-0.33911211
-0.3322347
-0.14913457
-0.16323639
-0.15603493
-0.15780269
-0.16126906
-0.17310696
0.35448481
0.14281884
0.12929975
0.1269044
0.0056472927
0.39803338
0.42738559
0.42710672
-0.093667311
-0.10320393
-0.11581904
-0.13156622
-0.11454857
-0.12499087
0.17830583
0.18811974
0.19985391
0.22897325
0.19311573
0.20754074
0.19852847
0.18856247
0.31243071
0.28847446
0.8459294
0.83854374
0.82859849
0.3630907
0.38534564
0.38197995
-0.033135283
-0.033024246
0.16917205
0.1133349
-0.26117364
-0.24894957
-0.25264241
0.45802123
0.45164313
0.47512023
0.36989764
0.38582576
0.39395951
0.03920212
0.016676891
0.32953191
0.73569944
0.42886265
0.44301789
0.44467184
0.26672418
-0.24346364
0.15674664
0.12221862
0.13485479
0.50804151
0.51668346
0.53743367
0.16569787
0.18028017
0.18945874
0.10065038
0.11881483
0.10669866
-0.067361912
-0.058170137
-0.071409184
0.40320803
0.41947537
0.43080866
-0.14558917
-0.15756854
0.32755494
0.30978497
-0.084336478
-0.098968381
-0.096798886
0.23139708
0.25316034
0.43410897
0.40278113
0.0042633345
0.063435325
0.043550442
0.025306676
0.3345063
0.31970669
0.31279887
0.30942061
0.29609357
0.10595893
0.1283891
0.10197143
0.02719236
0.36470148
0.40310383
0.16052017
0.015915735
0.013079374
0.032361529
0.40189701
0.16134325
0.17463801
0.09262619
0.23690225
0.22445006
0.41715389
0.43549581
-0.18772349
0.29743922
0.27130309
0.28980807
-0.095995637
-0.087834645
-0.08168803
0.33559216
0.31472246
0.21642972
0.22618958
-0.24105866
-0.24707944
-0.2518142
0.2784374
0.26971507
0.06542934
0.067350052
0.092388841
0.19205522
0.41638986
0.38417149
0.39087433
-0.043668393
-0.053883493
-0.046647272
0.57573931
0.54950426
0.56805283
0.49838798
0.4793822
0.46569655
0.54007874
0.55468879
0.54562348
0.41389422
0.15379638
0.13388483
0.21891989
0.23768247
0.23184103
0.15626406
0.14083547
0.16019691
0.39871025
0.37770091
0.069424411
0.044641461
-0.061468513
-0.063029597
-0.050516101
0.23850641
0.17242087
0.22406038
0.3681505
0.35954204
0.34457304
-0.32567743
-0.32629342
-0.33133883
-0.37352255
-0.3779406
-0.37145339
0.13643527
0.1300331
0.15246447
0.21483375
0.23782791
0.44758467
0.27292809
0.74569781
0.76960491
-0.36164866
-0.35175164
-0.3598388
0.46899395
0.48895495
-0.0057522861
0.20227216
0.24757672
0.24489663
0.40299554
0.42392154
0.2249181
0.21718935
0.23315899
0.2142014
-0.24647188
-0.23668574
-0.10435873
-0.12246572
-0.11820708
0.31387615
0.21785164
-0.26124052
-0.26729624
-0.25429178
-0.085587171
-0.068543455
-0.036412656
-0.01963476
-0.038208896
-0.06430069
-0.1341693
-0.079657032
-0.063904473
-0.19316028
0.48856401
0.46513291
0.46018738
0.15020715
0.14885869
0.34293149
0.34347014
0.35612937
-0.06183806
-0.097645318
-0.10573326
-0.17889648
0.21197003
-0.11238783
-0.095066354
-0.10602488
0.52066423
0.38370926
-0.14594163
-0.14938714
-0.15642098
-0.054511723
-0.078567211
-0.057327169
0.035141528
-0.29829707
-0.30667833
-0.047814328
0.1099432
0.092114135
0.11123399
0.19200118
0.19399227
0.35201183
0.42155981
0.0027552886
0.011592672
0.015310379
-0.14712173
-0.15999113
0.24771912
0.23414347
-0.14552758
0.36302074
0.37685712
0.3866515
0.20661123
0.2626721
0.10004669
0.081767185
0.094354886
-0.015939197
0.33223608
-0.0068914875
-0.029256768
0.22156071
0.20724309
-0.22903746
-0.22080895
0.28502591
0.26769657
0.29812367
0.29542206
-0.077071277
-0.052337125
-0.043254568
-0.053261162
0.16342625
0.18593787
0.18050181
0.50071122
0.4852895
0.5082416
-0.12807441
-0.27359634
-0.2671083
-0.26771808
0.4988999
0.47704634
0.47848444
-0.022298499
0.22326818
0.22672968
0.40181493
0.42059451
0.42559589
0.38909573
0.37863876
-0.10499694
0.46587997
0.24953835
-0.08856907
-0.08194535
-0.17248494
-0.18511195
-0.1857002
-0.25021306
-0.23525331
-0.23999749
0.29813289
0.087004356
0.53186995
0.25144977
0.19524949
0.38172077
0.70388172
0.73811809
-0.14393279
-0.13991525
-0.15245621
0.062133717
0.046263777
0.18649164
0.34892481
-0.10303057
-0.10090662
0.32703165
0.62828671
0.64569252
0.64723674
0.42282085
-0.075682941
-0.071072398
-0.28160882
-0.28997991
-0.029167388
0.00021543236
0.11087042
-0.029223179
-0.028522582
-0.015435578
0.41039574
0.40323504
0.23421212
-0.15290272
-0.16399676
-0.15310508
-0.07007548
-0.071317415
-0.085123968
-0.12049126
-0.13411202
-0.12023725
0.18438229
0.20895046
-0.16327203
-0.1718414
-0.15335595
0.077760338
0.25396636
0.0027397278
0.021265588
0.48725041
0.46801217
-0.094004844
-0.075721122
0.33789484
0.34249702
0.41126007
0.39238557
0.38873847
-0.26004703
0.18141855
0.36742881
0.3710634
0.3494133
-0.10628819
-0.093388258
-0.096066311
0.097647466
0.2658582
0.26318771
0.27555969
0.29389263
-0.39236692
-0.39915661
-0.39769574
0.048840663
0.37266085
0.34274096
0.26370782
0.42997173
0.45150542
0.38854068
0.36797337
0.37585314
0.37731803
0.35838798
0.019679875
0.01976001
0.036123817
-0.3768956
-0.37038078
-0.37284771
0.029710002
0.043871589
0.050690262
0.3674139
0.037784654
0.025611487
0.39541726
-0.056618206
-0.04843275
-0.037861636
-0.11925601
-0.13284347
-0.12683715
0.073170913
0.37995713
0.38231417
0.46128811
0.56540307
0.56061886
0.58384407
0.20552108
0.53192981
0.51494454
0.20278324
0.21701382
-0.076211263
-0.061049309
-0.30442676
-0.2951039
0.25161609
-0.1315325
-0.11830061
-0.12025948
0.01485442
0.014667982
-0.27350445
-0.26039553
-0.26489243
-0.10744603
-0.11266605
0.43027439
0.41882505
0.4362604
0.48638682
0.49483409
0.51284983
0.25409747
0.41387104
0.44235087
0.45971945
0.54219789
0.54416222
0.56077413
0.25329592
0.075149861
0.094979948
0.089960145
0.53247488
0.55578901
0.55828782
0.51737008
0.50929759
0.26058328
0.4574568
0.40089963
0.19282932
0.39657845
0.49947285
0.48019574
0.34225808
0.46407247
0.15171187
0.13780463
0.13758557
0.40863405
0.37120393
0.39668312
0.39179248
0.43412438
0.29079762
0.34769346
0.37467003
0.37556419
0.29690678
0.40701636
0.30982215
0.34930677
0.36814187
-0.3726526
-0.36059238
-0.37042536
0.04182745
0.049574845
-0.009026126
0.32269149
0.022805828
-0.14545657
-0.1535303
-0.16060865
0.48909426
0.26487624
0.24406272
0.38436367
0.40489216
0.39746856
0.43776124
0.44021367
0.5244392
0.51914681
0.36170722
-0.13120942
-0.13875724
-0.22376661
-0.23287202
-0.17102691
-0.15479131
-0.15672319
0.012856066
0.0073119951
-0.00061228131
-0.093121581
-0.083832711
0.045763711
0.062400161
0.28136558
0.32021631
0.3605196
0.34868958
0.33830652
-0.062720889
-0.054401474
-0.04552022
0.50898957
0.53679227
0.0882434
0.44120937
0.14767817
0.40361119
0.26108219
0.055936323
0.077066753
0.056952548
-0.0052382232
-0.0049358653
0.0083318194
0.33256348
0.086179618
0.071054818
0.50874964
0.52637203
0.49684358
0.44295362
0.41944353
0.39947249
-0.051648201
-0.061912741
-0.045341147
-0.2521744
-0.26657295
-0.18790337
-0.19446905
-0.17755057
0.54593024
-0.31998564
-0.3279618
-0.22143163
-0.21442268
-0.20928379
0.4312479
0.42104375
0.49124966
0.038406325
-0.20181808
-0.19555834
-0.19229427
0.1601842
-0.15977448
0.23007546
0.23235866
-0.035917013
-0.01682036
-0.029760689
0.4466963
0.45644658
-0.12416926
-0.13148523
-0.11686399
0.48736793
-0.129492
-0.11159189
-0.11867199
-0.2135935
-0.21278554
-0.20329093
0.25073364
0.55036248
0.56482222
0.0070268662
0.0093465007
0.020963704
-0.087482731
-0.10298085
-0.10951999
0.52256572
0.32763184
0.34996205
0.41453306
0.16222708
0.17664688
0.16199417
0.56897747
0.5539609
0.58600795
0.47614713
0.49937309
-0.048641626
-0.053458764
-0.18547715
-0.18445062
-0.19539457
0.094350747
0.015679907
0.035409837
0.026080717
0.021120362
0.03884249
0.025846522
0.20593627
0.18801272
0.20466957
-0.27705774
-0.28208173
0.28974219
0.26550296
0.2869917
-0.059207567
0.4688558
0.47295664
-0.014942356
0.48760068
0.47104505
0.43089228
0.39982024
-0.075709786
0.60599557
0.58176124
0.4433008
0.4356511
0.41789834
0.064072197
0.076554391
0.06786508
0.22156167
0.20595581
0.084720946
0.59695805
0.58791313
0.27625789
0.26141437
0.28152418
-0.11951568
-0.1066277
0.13079751
0.12272259
0.11042428
0.48592861
0.54749331
0.56416243
-0.17851719
-0.1812469
-0.16417134
-0.0057654718
0.0083574158
-0.33689226
0.10644058
0.10042618
0.03646472
-0.17286414
-0.15628191
0.51373916
0.037824795
0.032822068
0.027098319
0.47659962
0.45841904
0.49452981
0.48525129
0.52115063
0.57718992
0.5817721
0.50781051
0.52937359
0.0092954255
0.017643296
-0.13194433
0.17895206
0.19464144
-0.09397628
-0.10472822
0.063435667
0.061044823
0.079918572
0.7065933
0.71586239
0.69563043
-0.0055725121
0.56228763
-0.086506882
-0.083659464
0.094322294
0.10818476
-0.21251584
0.31548314
0.33058213
0.58924247
0.56614495
0.57281733
0.82549647
0.80420207
0.81039715
-0.17077157
-0.17076517
0.023902748
-0.13841494
-0.14320871
-0.14188664
-0.20312078
-0.19891046
0.52342501
0.49994165
0.53404459
-0.037086916
-0.021375719
-0.032827352
0.46091019
0.63744183
0.63588844
0.66662556
0.54689041
0.44282063
0.45809151
0.54977129
0.56792308
0.54139771
0.55997408
-0.27779346
0.53056158
0.60704297
0.63122983
0.62195105
-0.23863548
-0.2429032
0.1952966
0.19389638
0.62461742
0.60699209
0.62939834
-0.0054889264
-0.22889173
-0.2252044
-0.21755944
0.051969676
-0.077126373
-0.0056190598
0.32162009
-0.23723426
0.14608855
0.14539585
0.24060829
-0.1447152
-0.13553487
0.037638803
-0.14979113
-0.14127506
0.16121511
0.17979174
-0.10185567
0.041578873
0.056298901
0.051987194
-0.28507726
-0.29244949
-0.28665446
0.21083389
0.30979099
0.31600526
0.33570255
0.37465192
-0.049561661
-0.046750602
-0.29137221
-0.29624624
-0.29732859
0.12362029
0.10981262
0.12884835
-0.26407597
-0.26088054
-0.25127993
-0.28718989
-0.28760329
-0.27929757
-0.25697468
0.0065889293
0.56357526
0.5458729
0.56150723
0.24473778
-0.1573274
-0.17201331
0.19241266
0.18582989
0.51366389
0.52002906
0.49782247
0.017683114
0.555512
0.54471425
-0.0032191195
-0.18518416
0.2371386
-0.057895874
-0.061887051
-0.062051018
-0.062372069
0.40386804
0.42214745
0.051886763
0.14899079
0.13193964
0.13797552
0.25034185
0.16791983
0.15271068
0.1144416
0.09419543
0.29718806
0.29162167
0.28279598
-0.043171061
-0.03995719
0.33916474
0.32417101
0.58467715
0.51877752
0.49090281
0.52878838
0.5421403
-0.12553153
-0.04734847
-0.02675958
-0.1394484
-0.13742565
-0.14205001
0.2662346
0.25676222
0.28018335
-0.214432
-0.20288474
-0.20016403
0.13209823
0.136823
0.047586954
0.041672166
0.032656654
0.46836353
0.45878883
0.60139961
0.61324263
-0.1346331
-0.12902191
-0.12443035
-0.029521788
-0.0057069111
0.57425863
0.61597912
0.6313303
0.60281869
0.58104074
0.60630839
0.019264904
0.027600397
-0.080274634
0.25950041
0.66210974
0.68090127
0.65845447
0.057323766
0.081249164
-0.024908537
0.24638648
0.25741185
0.240382
-0.016673617
-0.034010218
-0.026457976
-0.23102671
-0.024101925
-0.20659753
0.21225
0.32875074
0.31772083
0.33284661
0.18701685
0.1557212
0.17778078
0.15744687
-0.11101285
-0.11983365
-0.11013881
0.63220585
0.62267505
0.6398341
0.7143368
0.69880808
0.68443526
-0.04461823
-0.060642924
0.44379721
0.46624066
-0.16924014
0.051189909
-0.16581889
0.3939072
0.37725463
0.39198603
0.42026517
0.43374594
0.43612553
-0.16262774
0.13539091
0.114135
0.27480816
-0.32368033
-0.31345576
-0.3192519
0.12136559
-0.12295704
-0.21313681
0.28993198
0.26908431
0.28816018
0.058672631
0.53895583
0.53152196
0.55199567
0.60304648
-0.13782188
0.60333037
0.4812383
0.4853539
0.36500718
0.38242939
0.36809355
0.11821685
0.10986725
0.61057487
0.58863111
0.083601881
-0.21479395
-0.22474927
0.28591686
-0.22444603
0.18025561
0.049285343
-0.17209836
-0.1715157
0.5717434
0.55479111
0.55657314
0.1942177
0.27341056
-0.20912079
-0.20618936
-0.19773025
0.62945743
0.26089397
0.24108791
-0.15702092
-0.17144344
-0.17497933
0.002670493
0.016480063
-0.033337626
-0.040912829
0.54063342
0.10079513
0.083790783
0.10351549
0.55841492
0.58139849
-0.18296333
-0.18164641
0.044873136
0.68403477
0.65758964
0.67180942
0.59499072
0.61713602
0.61799854
0.067323316
0.081708925
0.072012288
0.08332093
-0.21325455
-0.20655373
-0.21731178
0.45022486
0.47012112
0.46681
-0.046606191
-0.059496377
-0.056871701
0.58885681
0.61692311
-0.2706126
-0.25851294
0.70269454
0.73038074
-0.10918501
-0.098014493
0.58444481
0.58012317
0.56751969
0.27124329
0.26845354
0.28001201
0.65299045
0.63960029
0.65031918
0.66788929
0.63742743
0.50908558
0.53414433
0.52611166
0.6149288
-0.010660251
-0.01012994
-0.024152042
0.343443
0.43474754
0.17925562
0.29059502
-0.22715453
-0.21898263
0.13632586
0.44274685
0.42864759
0.42040747
0.22802003
0.42700865
0.070177916
0.091506937
-0.32290376
-0.33132539
-0.32902755
0.037756845
-0.24822619
-0.24498181
-0.25326812
-0.070940414
0.076875718
-0.074222452
0.10210179
-0.026217511
0.59242997
0.034127405
0.029191795
0.043817601
0.43087898
-0.23716364
0.71784676
0.70099447
0.69853399
-0.20439604
0.14225946
-0.30550807
-0.31170971
-0.30424488
-0.16706535
0.68123506
0.66574668
0.0010725794
-0.27282369
-0.27737312
-0.28628893
0.56626898
-0.14687262
-0.15486716
-0.074479262
0.50398548
0.52444407
0.41088288
-0.066874821
-0.080589823
-0.28788511
-0.21290872
-0.22323949
-0.21548453
0.22973242
0.21511096
0.23695261
-0.19949828
0.12336344
0.13501676
0.01013439
0.050127124
0.046374432
0.30476676
0.30566599
-0.06573064
-0.067852847
-0.054182316
-0.28215022
-0.26891453
-0.23872781
0.14154356
-0.091764219
0.41345845
0.5112546
0.36401824
0.37625692
-0.14035281
-0.12560768
-0.052725578
-0.013237569
0.17532551
0.033389529
0.034861763
0.045512599
0.44392932
-0.085429748
0.031608518
0.040163524
0.1667528
0.15569808
0.44144202
0.088358484
-0.069491097
0.011086071
-0.0036128863
0.19282351
0.20504519
0.58088964
0.56737144
-0.31176854
0.86685573
0.87342005
-0.14664307
-0.14419165
-0.14006386
0.64582097
0.62041474
0.5833669
-0.37603052
-0.3821046
-0.38328079
0.61633386
0.61437814
0.59054148
0.6531537
0.13383756
0.13704558
0.12190018
0.12009381
0.12730166
-0.085813845
0.4505946
0.42255288
0.42801477
0.63219077
0.64035554
0.65992219
0.68141277
0.6547636
0.33096641
0.35159388
0.60139472
0.59614529
0.28379303
0.2973276
0.37983937
0.36654949
0.62744206
0.60538542
0.2997142
0.29605525
0.3088423
-0.17029089
-0.16703361
-0.16139932
0.1987157
0.095462478
0.10270036
0.092611937
0.62429357
-0.0076321653
-0.020380518
0.28110611
0.297176
-0.035681702
0.062593244
-0.21727038
0.069558772
0.66405736
0.10417227
-0.09004248
0.019901092
-0.072357124
-0.31034774
0.30358545
-0.027106381
-0.043198186
0.077169226
0.089116751
0.089312011
-0.088782406
-0.22877582
-0.29701901
-0.10384679
0.15744077
0.39373328
0.4051808
0.22092068
0.2036878
-0.096633419
0.72703957
0.70246544
0.71369755
-0.32091993
-0.31256508
-0.32195048
0.14018502
0.30462734
0.44864421
0.44365894
0.46153807
0.45658228
0.33614377
0.36379113
-0.28361965
-0.063149758
-0.30876676
-0.031105025
-0.14706787
-0.14678318
0.19062665
0.17325749
0.18061334
0.058825412
0.071804318
-0.3817218
-0.37566838
-0.37567832
-0.18911848
-0.1925033
0.64247036
-0.15020162
0.11410629
0.17781992
0.42973952
0.41098323
0.41091741
0.68358217
0.69826871
0.70081422
0.69185283
0.37821906
0.39152736
0.39534889
-0.2384772
-0.23180208
-0.2301463
0.3928312
0.37756183
0.44049874
0.43200812
0.45455499
0.27231627
0.59497082
-0.16369446
0.54965024
-0.031240682
-0.0544281
-0.047832717
0.53462056
0.50713999
0.52199752
0.083954489
0.008011374
0.017461211
0.02586977
0.09256695
0.095803338
0.11809549
-0.14648271
-0.17094435
-0.015238252
-0.013405702
-0.024546517
0.050936442
0.60494841
0.066943706
0.25134178
0.26112645
0.24583399
0.40525134
0.39944604
-0.075254976
-0.077006545
0.59601163
0.017692745
0.027624911
0.62727736
0.65943354
0.65892982
0.38495524
0.63858928
0.64699919
0.78790418
0.74779681
0.7539317
0.72335802
0.66785468
0.40794666
0.38577533
0.53215912
0.41642503
0.68578447
0.67503746
0.57412581
0.58660563
0.59496336
0.58484821
0.66239148
0.61764305
0.79831325
0.47672638
0.70990985
0.6885753
0.70920709
0.68474128
0.72432399
0.28709207
0.67829849
0.11076091
0.10749757
-0.00060906969
-0.0060716825
0.61027936
-0.071291362
-0.082327858
0.076495348
-0.050971664
0.33555026
0.31467236
0.33133524
0.13996817
0.15249045
0.67193469
0.15012157
0.14480063
0.5496649
0.566612
0.49657498
0.085257505
0.71724793
0.67674361
0.65687062
0.5281338
0.50366417
0.51450485
0.45386212
0.47362888
0.44902853
-0.0064640582
0.4589402
0.18082142
0.1719574
-0.061274736
-0.050246227
-0.055360731
-0.13454059
0.43171596
0.61134628
0.5365886
0.65253869
-0.18976765
0.52227202
0.5049949
0.51383275
0.0066013873
-0.012504214
-0.0037233328
0.030224842
0.67890563
0.007720919
0.0058086506
-0.024201918
-0.019801874
0.70374387
0.72081475
0.72043259
0.70299414
0.5194691
0.4179583
0.31612199
0.29547818
0.71282471
0.14994437
0.021722681
-0.22628593
-0.22904075
0.71422582
0.68842658
0.69426301
0.58055994
0.58526648
0.60363221
0.71969964
0.69469105
-0.073180372
-0.067649409
0.16440682
0.72918066
0.66911352
0.74594176
0.75190639
0.63609799
0.55883971
0.70907591
0.4790734
0.64690104
0.67467354
0.74168809
0.61151723
0.71318683
0.5921659
0.55585062
0.56941312
0.49838064
0.66407726
0.68463033
0.65474784
0.58392859
0.64960606
0.6381341
0.49320858
0.51336199
0.59368556
0.56289898
0.54148365
0.51238852
0.54318585
0.35047839
0.56443533
0.50526579
0.62418194
0.627812
0.65435881
0.59896484
-0.081072846
-0.083979316
-0.094334312
0.35036934
0.37534327
0.34522201
0.024509055
0.79460331
0.44850242
0.22568214
0.16916801
0.19116313
0.40703883
0.43822383
0.83765688
0.85157599
0.11370733
0.27835025
0.30576478
0.041867182
0.20612432
0.86537397
0.82172995
0.23257561
0.2079062
0.19697864
0.17872109
-0.38395443
-0.38954802
-0.39088769
0.11100725
0.08968444
0.79974303
0.081673758
0.062604995
0.059140058
0.34438418
0.33992769
0.35554077
0.42537908
0.40364205
0.65520773
0.65715582
0.64125856
0.58491102
0.57351165
0.56252209
-0.010859258
0.3179129
0.3225015
0.30229278
0.40311183
0.38340859
0.39023818
0.14927622
0.30597328
0.28748119
0.27887306
0.26479442
0.048108348
0.039245335
-0.039751137
-0.18557637
-0.1032891
-0.11367981
-0.10056485
-0.38174083
-0.38702671
-0.38570941
-0.038011197
-0.07040046
-0.061010216
0.13057052
0.13198913
-0.1748429
-0.15936849
-0.17090978
-0.18758526
-0.18761044
0.080835729
-0.070287776
-0.14231299
-0.15933673
-0.13740116
0.010689007
-0.016642073
-0.39125867
-0.39466487
-0.3955804
-0.14598904
-0.12786485
-0.12854473
0.032030548
0.023496455
0.012172265
0.58155714
0.67767785
0.68013017
0.65605652
0.75071211
0.75075577
0.7301239
0.789773
0.81184005
0.81154414
0.77488653
0.73777553
0.76732235
0.76562765
0.74600341
0.83096542
0.78530268
0.46946726
0.20495006
0.3715479
0.45988311
0.46152499
0.47728105
-0.03144996
-0.10653075
-0.069850922
-0.058470081
-0.11470457
-0.12867405
-0.11191917
-0.202588
-0.19548083
-0.2073722
0.56774819
0.58312814
0.59213751
0.67445771
0.814025
0.84874025
0.82217905
0.79999766
0.82317993
0.063403705
0.059665432
0.19792272
0.090129265
0.074674337
0.069283785
0.11556196
0.13901173
0.052453807
0.042280262
0.18017863
-0.091340026
-0.11530539
-0.090173042
0.072520778
0.083311295
-0.14717002
-0.14839765
-0.069283088
-0.049704005
0.14703356
0.099637814
0.10607795
0.25055952
0.21623974
0.079770123
0.069256059
0.085267476
0.46128414
0.46424489
0.48323541
0.47746959
0.034423726
-0.1447273
0.198128
0.19307212
0.2075555
-0.089122605
-0.07944661
-0.10785101
-0.30380958
-0.19527216
-0.053238152
-0.13207332
-0.13691664
-0.10045015
-0.10878114
-0.115725
-0.12046872
0.047497975
0.060003499
-0.087174448
-0.024554321
-0.010433426
-0.018392483
-0.029336552
-0.044379054
-0.042791425
-0.040296216
-0.13328737
-0.12348921
-0.13932625
-0.40452996
-0.40929452
-0.40370009
-0.16177945
-0.16898661
-0.17827657
0.11974571
0.036744184
-0.13380205
-0.12741073
-0.14328496
-0.15272968
0.66699723
0.69490183
0.53059716
0.53316667
0.55112717
0.6837136
0.67722136
0.70916558
0.69516024
0.70467852
0.68723913
0.88156457
0.85965335
0.86354885
0.89711189
0.89788493
0.9198233
-0.1301212
-0.13341663
0.10758456
0.13075938
-0.27860653
0.83917706
0.8543957
0.87701433
0.88861301
-0.082002952
-0.092336226
-0.095493933
-0.099747526
-0.14441967
-0.13008864
-0.11463799
-0.099559462
-0.10984622
-0.11696112
-0.17727201
-0.19862209
-0.1885595
-0.21597325
-0.2000194
-0.18535198
-0.16501028
-0.17318536
-0.13873101
-0.37681318
-0.37044907
-0.21534786
-0.22121147
-0.23130885
-0.086836477
0.16423153
-0.30528086
-0.31758128
-0.31359081
-0.17877917
-0.15320867
-0.15367464
-0.17412395
-0.17907443
-0.16444148
-0.35930887
-0.35977735
-0.35451347
-0.24332431
-0.24208652
-0.25650735
-0.32138261
-0.30953329
-0.11195517
-0.10817599
-0.097687203
-0.11000598
-0.35391287
-0.3669359
-0.36182355
-0.23674567
-0.23394402
-0.22362026
-0.37086128
-0.24465227
-0.23403299
-0.36739585
-0.37630404
-0.37678243
-0.30321182
-0.21027079
-0.22351406
-0.2099875
-0.3637572
-0.35163707
-0.35776883
0.31474405
0.31351961
0.28457617
0.28013412
0.2895979
0.36396799
0.843015
0.91883746
0.92133132
0.89708657
0.84198564
0.8229221
0.84899087
0.82487639
0.84097568
0.83668021
0.86389122
0.8555351
0.60914877
0.59939399
0.61395064
0.78595872
0.92779405
0.91311176
0.91918745
0.50239974
0.48733366
0.48684585
0.82909072
0.83769804
0.82076703
0.89298005
0.88006985
0.86979404
0.73060478
0.76956278
0.81563356
0.82983848
0.85703147
0.78629117
0.76777895
0.77413595
0.71660386
0.73263673
0.75066673
0.77769912
0.75208413
0.81248886
-0.23412687
-0.24040664
0.90766758
0.89674787
0.81081738
-0.18176333
-0.20262173
-0.18844995
-0.14120279
-0.12231926
-0.1202504
-0.10339285
-0.098337653
-0.14689441
-0.16977877
-0.16360307
-0.14965861
-0.16612436
-0.12431836
-0.10956385
-0.097070328
-0.063876024
-0.098508504
-0.059611114
-0.080818246
-0.11630238
-0.12258391
-0.11171054
-0.098438625
-0.083774585
-0.21104132
-0.21543278
-0.20245954
-0.17032283
-0.17559962
-0.19050144
-0.10400116
-0.093891472
-0.041182777
-0.11715209
-0.13141389
-0.20367548
-0.20421316
-0.21416535
-0.14501464
-0.12692964
-0.12367275
-0.13057923
-0.1020286
-0.13951739
-0.14251403
-0.14052226
-0.13950244
-0.14654661
-0.16504522
-0.076706192
-0.053160163
-0.12837099
-0.13425173
-0.12730346
-0.11418935
-0.13685335
-0.15831971
-0.17234541
-0.15279994
-0.034180246
-0.044818788
-0.070508302
-0.087326491
-0.094236511
-0.10023598
-0.084434949
-0.12407235
-0.15939689
-0.34052035
-0.34679923
-0.1770246
-0.15775071
-0.17702945
-0.19038118
-0.1556561
-0.18443885
-0.13539733
-0.18980471
-0.29664751
-0.29408822
-0.36699996
-0.19217244
-0.18072735
-0.191839
-0.25659615
-0.26651298
-0.27053296
-0.28012015
-0.27638059
-0.26156094
-0.24599508
-0.25989828
-0.19152086
-0.18704385
-0.18468454
-0.20225497
-0.20311785
-0.22368634
-0.29187571
-0.19535547
-0.3678866
-0.36208409
-0.33766945
-0.34128916
-0.30966568
-0.15823734
-0.18746427
-0.24988768
-0.23789321
-0.2564496
-0.32851201
-0.33076324
-0.319187
-0.32961082
-0.34410515
-0.18625456
-0.19888361
-0.16966077
-0.35305263
-0.34714308
-0.19709435
-0.2211301
-0.22691851
-0.21117033
-0.21204896
-0.22163218
-0.21556687
-0.21084903
-0.24285456
-0.229823
-0.28278332
-0.27158218
-0.27026828
-0.34887038
-0.35664329
-0.25532494
-0.2656097
-0.27436387
-0.19924199
-0.28894783
-0.28675429
-0.27951499
-0.32089939
-0.16521629
-0.26896017
-0.26264048
-0.25584912
0.056647105
0.066121656
-0.26983811
-0.2732402
-0.32999183
-0.32731799
-0.37584582
-0.36546579
-0.2638516
-0.26242849
-0.36974113
-0.28494518
-0.27479482
-0.21706089
-0.22534942
-0.20747656
-0.23830684
-0.24921238
-0.25669554
-0.25368103
-0.24689879
-0.25997344
-0.258324
-0.16390051
-0.18011325
-0.18904965
-0.18212786
-0.20763549
-0.22154837
-0.16209124
-0.18677971
-0.19372063
-0.18517832
-0.20915826
-0.19648565
-0.21939004
-0.15958011
-0.1727413
-0.19357024
-0.19492807
-0.14872629
-0.17045443
-0.2151916
-0.20603462
-0.1547664
-0.24385875
-0.23785963
-0.22723219
-0.18101324
-0.38403968
-0.38035034
-0.37828186
-0.20662259
-0.25384115
-0.23466724
-0.37686991
-0.3547781
-0.3616811
-0.3538771
-0.26295104
-0.27591741
-0.2594064
-0.28430833
-0.28934124
-0.32428216
-0.33703698
-0.32303667
-0.28549843
-0.30350716
-0.30774228
-0.2327435
-0.2445174
-0.39880089
-0.40278984
-0.39623969
-0.31353407
-0.32167941
-0.35965796
-0.36961932
-0.38548777
-0.37653638
-0.38315282
-0.25802702
-0.29703462
-0.23351016
-0.28990419
-0.22998483
-0.33182609
-0.11421068
-0.17021958
-0.17246199
-0.11132646
-0.098635924
-0.15280662
-0.13977718
-0.13122245
-0.14652263
-0.1206385
-0.12683966
-0.16778848
-0.10783744
-0.1491987
-0.18164349
-0.18344793
-0.13629161
-0.1312667
-0.1854725
-0.19647059
-0.16799458
-0.14871648
-0.12710406
-0.1431896
-0.096236318
-0.2482158
-0.24726744
-0.2597225
-0.25598436
-0.24389146
-0.24254027
-0.23182747
-0.2199169
-0.22101299
-0.23203696
-0.22920325
-0.20862325
-0.23075993
-0.18714006
-0.16002476
-0.20642003
-0.22868783
-0.2216826
-0.21114206
-0.19372109
-0.19706732
-0.17364699
-0.13025614
-0.2490333
-0.24751877
-0.23712114
-0.19167377
-0.24318477
-0.16960165
-0.20808272
-0.2383198
-0.21021695
-0.22108584
-0.1779752
-0.16468331
-0.15214651
-0.17723071
-0.16357574
-0.16816825
-0.22520286
-0.3450495
-0.34010494
-0.34862849
-0.19546141
-0.17091465
-0.15487741
-0.11725493
-0.13138144
-0.078630647
-0.093814275
-0.12161274
-0.12572071
-0.1043228
-0.14439011
-0.12418648
-0.080399161
-0.10311712
-0.14206407
-0.27801891
-0.2652119
-0.17423817
-0.18786511
-0.23934893
-0.2591686
-0.25377355
-0.26743517
-0.14559874
-0.15738969
-0.12428708
-0.14097266
-0.14908237
-0.18006198
-0.26949379
-0.27213893
-0.16188411
-0.24840966
-0.25699123
-0.23748955
-0.22369605
-0.17684949
-0.24822281
-0.23592922
-0.22895491
-0.20610445
-0.21588584
-0.19916648
-0.18996958
-0.18793199
-0.20885393
-0.19259925
-0.20998902
-0.22218804
-0.23657235
-0.22243114
-0.24490241
-0.2579039
-0.24629457
-0.1941167
-0.20242969
-0.20889621
-0.2286111
-0.20460642
-0.21060477
-0.22199414
0.30352368
0.28546654
0.29356868
-0.23156785
0.16200229
0.17634262
0.1793178
-0.25047601
0.27014543
0.25383954
0.26203638
-0.36359622
-0.36827066
-0.35744964
-0.2925465
-0.29032368
-0.39221635
-0.39599335
-0.38794669
-0.37554073
-0.36999659
-0.37572779
-0.27249452
-0.37874403
-0.25502293
-0.26359501
-0.26737399
-0.36467529
-0.27233594
-0.40289437
-0.28158867
-0.27729376
-0.30920865
-0.31352346
-0.32365823
-0.29346574
-0.30137254
-0.30860159
-0.25348441
-0.27235402
-0.27918136
-0.28264721
-0.30505623
-0.26566865
-0.25955274
-0.2888109
-0.34107017
-0.29355387
-0.29623504
-0.28748931
-0.29929936
-0.29741367
-0.29387391
-0.23656852
-0.28042028
-0.26309046
-0.2248878
-0.22334923
-0.27219627
-0.28273952
-0.2785267
-0.23133619
-0.23525328
-0.24194008
-0.2528068
-0.26455871
-0.26882932
-0.24515126
-0.32761809
-0.33756502
-0.33161087
-0.20654618
-0.19828678
-0.21129786
-0.3149874
-0.31053494
-0.30579176
-0.2546177
-0.29726144
-0.28381859
-0.24702401
-0.24912735
-0.30603123
-0.2768193
-0.26903553
0.29414195
0.3072185
0.32244287
0.39351712
0.40439909
0.39089779
0.10776807
-0.34420361
-0.23514931
-0.34359247
-0.25707114
-0.24980962
-0.22633243
-0.21261045
-0.2278971
-0.30610528
-0.29876459
-0.31009033
-0.24111066
-0.29825853
-0.30460799
-0.30505365
-0.31154987
-0.31712272
-0.3084623
-0.30826121
-0.28642299
-0.28023995
-0.27107964
-0.31840953
-0.28797382
-0.34222243
-0.34908379
-0.3508117
-0.32302591
-0.31561915
-0.25969493
-0.26036717
-0.27638942
-0.31516352
-0.29619745
-0.29240466
-0.31889179
-0.26039012
-0.26746762
-0.29217909
-0.30172815
-0.15225094
-0.32857955
-0.32791506
-0.31679313
-0.29470157
-0.29824998
-0.33877519
-0.1062201
-0.34126121
-0.34637066
-0.35028964
-0.35450478
-0.27865075
-0.32122174
-0.28957548
-0.3360326
-0.24959434
-0.26336412
-0.28840128
-0.28657184
-0.25212634
-0.33386866
-0.33335432
-0.34074702
-0.19158519
-0.20388716
-0.019764127
-0.39836317
-0.32020695
-0.32981621
-0.25653904
-0.31088882
-0.21590967
-0.27686173
-0.27081058
-0.34666953
-0.22347622
-0.34563966
-0.35163802
-0.35286063
-0.2698491
-0.28532833
-0.30067966
-0.30101054
-0.32432502
-0.32306203
-0.31517662
-0.29637881
-0.28477811
-0.29449365
-0.31317173
-0.3108146
-0.31205636
-0.31337012
-0.0032640635
-0.37303824
-0.37473546
-0.36339419
-0.11612415
-0.2428926
-0.24128551
-0.26458941
-0.29584892
-0.28052941
-0.30501633
-0.3266878
-0.33554192
-0.34202484
-0.33618459
-0.35607101
-0.36038172
-0.36234929
-0.36760183
-0.35399141
-0.35366974
-0.36540272
-0.35650758
-0.35673076
-0.38397207
-0.34359631
-0.36639697
-0.32691961
-0.33611305
-0.36959653
-0.3579664
-0.34231085
-0.29666299
-0.35077085
-0.36121847
-0.37234657
-0.3653461
-0.32048503
-0.31728588
-0.34976928
-0.34060332
-0.37617745
-0.3202333
-0.32932801
-0.23364131
-0.23793205
-0.24699895
-0.10949419
-0.39755086
-0.40101624
-0.40174498
-0.15490251
-0.15046997
-0.15452487
-0.14065907
-0.0026438588
0.011799496
0.0064360056
-0.34961329
-0.10630788
-0.27791904
-0.26923524
-0.27745086
-0.3051232
-0.37540164
-0.37628028
-0.37987519
-0.32874629
-0.31843333
-0.33270145
-0.30796307
-0.33116098
-0.32310333
-0.33050032
-0.33464638
-0.28802717
-0.35420168
-0.34461026
-0.30706004
-0.35179437
-0.34552336
-0.35900822
-0.35448541
-0.36130445
-0.33861017
-0.31871046
0.25942037
-0.2793578
0.027280071
-0.3045832
-0.31990106
-0.32025093
-0.37811835
-0.38547777
-0.38648894
-0.30084762
-0.30195168
-0.30926271
-0.33219005
-0.36564339
-0.36002578
-0.36632191
-0.34659393
-0.35894989
-0.35005803
-0.35246339
-0.35360056
-0.35678391
-0.33903171
-0.33139757
-0.31441846
-0.32621896
-0.33582041
-0.32368319
-0.38055014
-0.38229927
-0.35678085
-0.346557
-0.34476834
-0.35685843
-0.34034774
-0.29017509
-0.29927774
-0.28761178
-0.34836981
-0.31182498
-0.36417751
-0.35644034
-0.33178138
-0.3336217
-0.34172334
-0.34417725
-0.3165549
-0.32263826
-0.3358425
-0.39288917
-0.38431827
-0.38775807
-0.30803366
-0.30495619
-0.39477461
-0.39054319
-0.39250165
-0.3266182
-0.37855474
-0.3501083
-0.34325585
-0.33394478
-0.39516437
-0.39880721
-0.39460354
-0.38495045
-0.38985423
-0.36852227
-0.38754327
-0.40059112
-0.40496845
-0.3760831
-0.38297997
-0.37829431
-0.33137706
-0.33237349
-0.38412886
-0.39045133
-0.3393644
-0.34157049
-0.33937378
-0.40822695
-0.41168686
-0.40686217
-0.25245673
-0.26666074
-0.26036279
-0.27097721
-0.26678613
-0.23267279
-0.28028405
0.1000715
0.10408966
0.093534197
-0.26008308
0.26833696
0.28150392
0.27973265
-0.35537396
-0.37868993
-0.37904331
-0.36729964
-0.35928575
-0.40618998
-0.40102914
-0.40160622
-0.36373008
-0.31969389
-0.21041265
0.11172182
0.12236334
0.12275272
-0.047852823
-0.033997635
-0.043691564
0.32959074
0.33617238
0.32137517
-0.35527262
-0.34678226
-0.34262854
-0.38882334
-0.38248226
-0.36198319
-0.36945037
-0.36597696
-0.40561886
-0.38401877
-0.37224083
-0.37846278
-0.39016547
-0.3963093
-0.39930291
-0.41476802
-0.41689557
-0.40811307
-0.42467374
-0.4225522
-0.42455254
-0.40596718
-0.39743948
-0.40257056
-0.39323321
-0.40353464
-0.43105627
-0.43027604
-0.43036353
-0.40564765
-0.41180735
-0.39917676
-0.40017561
-0.40373467
-0.40789299
-0.40441693
-0.38969468
-0.38211554
-0.42172339
-0.41983601
-0.42290821
-0.41249146
-0.40836489
-0.40358875
-0.40068095
-0.40709785
-0.40508166
-0.41098855
-0.42132961
-0.42429957
-0.42582818
-0.4268905
-0.42780822
-0.4266566
-0.42514229
-0.42342975
-0.4263143
-0.42702857
-0.41922755
-0.41482602
-0.41109842
-0.41440462
-0.40716214
-0.41893873
-0.41904925
-0.41282334
-0.41799103
-0.34463407
-0.34602481
-0.34982302
-0.40066513
-0.41684723
-0.41246524
-0.41540509
-0.41647641
-0.41322871
-0.39099794
-0.39580454
-0.38774119
-0.39745106
-0.4137972
-0.40955455
-0.4137961
-0.40992738
-0.40513479
0.11519224
0.1099316
0.097547101
0.45267613
0.47343607
0.46923134
0.18996864
-0.12330397
-0.12879386
-0.12358196
0.13916455
0.1269788
0.13928292
0.29827569
0.2877351
0.29830624
0.32384473
0.44524507
0.48816106
0.43702403
0.43923537
0.50593349
0.48545625
0.48372164
0.50029142
0.51608339
0.49810925
0.50028097
0.47280439
0.46097848
0.47584248
0.45413684
0.60269198
0.57507175
0.52409359
0.52050899
0.53533024
0.49614556
0.50625102
0.50210772
0.48627594
0.50579046
0.48783111
0.51591446
0.50968126
0.51972194
0.52766678
0.54254723
0.54344332
0.54221726
0.50967593
0.52549246
0.49616163
0.47494031
0.47544009
0.60912207
0.62586313
0.60463663
0.62137076
0.55207525
0.54777278
0.53528907
0.53525964
0.59181672
0.54805472
0.62652721
0.59981951
0.63850679
0.65361069
0.55107875
0.56522671
0.54297911
0.51973525
0.52393042
0.847708
0.86584315
0.85486562
0.46441191
0.48779427
0.46800283
0.49375578
0.51078937
0.50868817
0.73530302
0.73972904
0.75235843
0.66934416
0.679589
0.66465429
0.56543914
0.57987365
0.81873881
0.80665715
0.80174382
0.63984981
0.61827587
0.6080464
0.62472221
0.5185394
0.51560382
0.52538793
0.51659731
0.52929415
0.51618254
0.52861111
0.51138413
0.51657851
0.50389959
0.66341144
0.67814079
0.50390173
0.4959761
0.51051331
0.50207656
0.5251279
0.62609216
0.6416125
0.64526188
0.58973618
0.59212626
0.57076635
0.59246784
0.59703576
0.53666298
0.54409758
0.55210159
0.60312952
0.61915354
0.60823579
0.60128732
0.56892592
0.53204243
0.47843062
0.46307764
0.53935264
0.5592378
0.49402263
0.47830521
0.52056289
0.57338506
0.55945077
0.57424697
0.50920498
0.58699475
0.57324719
0.53249829
0.49238702
0.49939034
0.54328472
0.57693166
0.58386434
0.47994594
0.55595829
0.5439775
0.54613626
0.61594489
0.6388885
0.63834781
0.72261203
0.57361839
0.59151155
0.67120654
0.69231856
0.68923452
0.54953293
0.82998968
0.85221525
0.84461225
0.54904243
0.56742142
0.46114867
0.55654537
0.56353392
0.57569411
1.0468845
1.0298764
1.0364058
0.56538109
0.58266198
0.71157216
0.48253415
0.49559716
0.61808646
0.61484338
0.68084143
0.52335218
0.54834256
0.638634
0.65938791
0.65093938
0.66006265
0.67056026
0.67281301
0.48474274
0.52537515
0.48351557
0.47108978
0.53965035
0.5243923
0.53014604
0.59920437
0.51033296
0.58609342
0.59822352
0.61346434
0.5329567
0.52194715
0.53832756
0.498931
0.72216913
0.66010102
0.56049409
0.50626296
0.4775545
0.68630266
0.67275087
0.65943327
0.6325143
0.70694615
0.72389853
0.71644169
0.52501655
0.57700289
0.71028373
0.69673501
0.69083736
0.092403876
0.10040996
0.60803326
0.61936369
0.6989983
0.62478839
0.6269479
0.6231751
0.65593049
0.61734408
0.56225425
0.64748678
0.63316776
0.58677411
0.59840577
0.83228621
0.56508185
0.49794723
0.50436192
0.49023364
0.60751674
0.60163979
0.63137498
0.56667769
0.58094858
0.56892751
0.6849552
0.56442493
0.53625617
0.66798955
0.66324258
0.65720717
-0.18188405
-0.0088337938
-0.093221143
-0.10090613
-0.090007122
-0.079041694
-0.24595469
-0.25342315
-0.25018336
0.68475076
0.76641119
0.75567273
0.79158003
0.80095442
0.80419297
0.73655726
0.83187378
0.78726079
0.73599519
0.73246909
0.80424622
0.72838122
0.74916
0.79432718
0.79011842
0.76910463
0.64701992
0.70726902
0.77385983
0.75200878
0.74110677
0.70911088
0.50221597
0.71441751
0.70743174
0.69331567
0.66298645
0.67375862
0.92468682
0.91480254
0.90418436
0.64369424
0.62837298
0.81914045
0.79949854
0.6475861
0.66257487
0.65895893
0.66454165
0.65694156
0.64419874
0.69064514
0.43675655
0.45683359
0.67600464
0.86540886
0.87810043
0.74039783
0.76466568
0.87835025
0.88473505
0.69739237
0.71203916
0.70051416
0.73437678
0.47969525
0.89040229
0.90807419
0.62802655
0.62152105
0.73885416
0.72647046
0.89695838
0.8945086
0.86473869
0.88331277
0.8831639
0.83896093
0.873506
0.92574208
0.94066752
0.94024017
0.90444246
0.93141748
0.94448315
0.93918575
0.96183566
0.33061118
0.3139583
0.29523355
0.33959894
0.35672527
0.351224
0.32121615
0.30312369
0.33460602
0.30949409
0.32358449
0.34102777
0.32966865
0.30592726
0.4083791
0.42328286
0.42549163
0.47376565
0.47904852
0.46277751
0.45259729
0.44829291
0.65400514
0.42075165
0.46207712
0.46691274
0.45840688
0.47442566
0.40435016
0.39843299
0.38292653
0.38401701
0.38022053
0.39041909
0.41572208
0.37453497
0.35536691
0.3711744
0.38709532
0.39848232
0.35942544
0.42788767
0.43925424
0.42709859
0.49982505
0.48507665
0.37434706
0.36945041
0.36429722
0.44060699
0.44205146
0.45625183
0.41371967
0.34938258
0.3994159
0.41244724
0.42811767
0.44160533
0.44663714
0.45758439
0.47121051
0.42833467
0.44713604
0.44284513
0.46134483
0.41101354
0.86114254
0.38611533
0.32636727
0.078368557
-0.12844038
-0.12505814
0.42388547
0.42413665
0.40809377
0.39476853
0.3778476
0.38971538
0.39960445
0.36360112
0.40771761
0.34480488
0.27940154
0.29345688
0.29742277
0.46641403
0.45244923
0.46224441
0.44728895
0.47869722
0.28161224
0.29040586
0.32081285
0.26917188
0.24983339
0.25512188
0.30132688
0.28273856
0.34918116
0.34026156
0.30270074
0.31706852
0.3670182
0.21064537
0.22641118
0.13519189
0.14219159
0.14948782
0.42868484
0.41770654
-0.0010217361
0.0084715621
0.015485758
0.37515307
0.35496023
0.35053333
0.082903083
0.094104715
0.10804631
0.15658585
0.17983158
0.17047034
-0.16255414
-0.15960738
-0.028145201
-0.0012338745
0.43484713
0.40926639
0.41402539
0.31068555
0.31700943
-0.011389697
-0.022092402
0.30011957
0.38275841
0.078165642
-0.12248756
-0.11661602
0.42261536
0.44538553
0.43400658
0.3471098
0.36148935
-0.00095403657
0.010174425
0.0037280739
0.33263738
0.31447728
0.31220807
0.3240356
0.26139351
0.1629289
0.32171541
0.11919233
0.12518748
-0.38543498
-0.094313099
-0.10175906
-0.091662062
0.072779121
0.45543293
0.40793118
0.39232667
0.41761156
0.43977758
0.40113779
0.39318814
0.29268548
0.22984686
0.21672896
0.21722456
0.14963472
0.14884741
0.1370459
0.13001735
0.44453393
0.42883243
0.29084456
0.27868937
0.052833291
-0.017849317
-0.029545693
-0.039870887
-0.031177156
-0.16649365
-0.16453229
-0.1654216
0.27347141
0.26289042
0.13771169
0.22275644
0.22519411
0.20884494
-0.15517723
-0.15062496
-0.15316838
0.42348297
-0.044677103
-0.032525623
-0.029705727
-0.31553846
-0.10103422
-0.0011655625
0.10624242
0.36874825
0.35693075
0.35365225
0.084789945
-0.14063172
0.097526381
-0.12063307
-0.11469163
-0.12460899
-0.12884545
-0.12358539
-0.010206794
-0.0060828537
0.27078891
0.24880669
0.18553691
0.18773214
-0.089879132
-0.099105189
-0.095490034
-0.10038315
-0.109631
-0.10446982
-0.13342642
-0.038140683
0.23578946
0.24910642
0.23708895
0.19804226
0.19889313
0.25078978
0.2881817
0.26524789
0.12996319
0.1302228
0.33835794
0.3347119
-0.0054102961
0.41076696
0.038489799
0.046418089
-0.087916114
-0.081382185
-0.075610288
0.4536407
-0.16895605
-0.17039604
-0.16933519
-0.11830081
-0.11065876
-0.11669388
0.010610243
0.023088197
0.02060067
0.060055836
0.064275567
0.23928205
0.22139189
-0.13239913
-0.12616159
-0.12567478
0.23522135
0.22293091
0.050806484
0.06430939
0.051848803
0.040479127
0.048016984
0.20281684
0.22142288
-0.16254609
-0.1600046
-0.16356597
-0.10313766
-0.10261064
-0.10924311
0.24192829
-0.052735541
-0.055902703
-0.031914119
-0.024658719
-0.14856046
-0.14505576
-0.14820039
0.24363958
0.34839062
0.35952398
0.22001428
0.23739729
-0.11412327
-0.11994992
-0.12062776
0.18603596
0.2753624
0.22782736
0.21412706
-0.10708697
0.014714663
0.014889239
-0.27955828
-0.28329588
-0.28694448
-0.052719435
-0.065415531
-0.294622
-0.28495358
-0.09219213
-0.11910489
-0.10927295
-0.21882901
-0.29745788
-0.19689942
-0.23587161
-0.2235682
-0.23049398
0.17032002
0.17522039
0.15885986
0.25548088
0.0047467686
-0.15139912
-0.14684346
0.34072399
0.33393348
-0.11712819
-0.10971922
-0.11715918
0.39893765
0.41045532
-0.090906696
-0.087972435
0.017527377
-0.12982251
0.35506009
0.34488852
0.35720591
-0.074966042
-0.058318852
-0.06391135
-0.31164235
-0.30412678
-0.30493557
-0.05021611
0.0043956092
-0.28273922
-0.27184595
-0.28510604
0.4573516
0.10708844
0.035863495
0.025330803
0.46196413
0.29998717
0.2898763
0.30313859
-0.050374721
-0.05409687
-0.060167169
0.040150171
0.21868788
0.22324066
-0.099859404
-0.098533572
-0.091688821
0.20623777
0.22474603
0.23164834
0.21210098
-0.026049649
-0.38169268
-0.38144486
-0.38704209
-0.37756209
-0.38173992
-0.38102873
-0.38242654
-0.41076975
-0.39018701
0.019113351
-0.0038266198
-0.2310094
-0.2207704
-0.22215436
-0.29049803
-0.2918546
-0.30013975
-0.39442397
-0.38984465
-0.39537413
-0.11897057
-0.24228473
-0.24297725
-0.23599654
-0.39610419
-0.069502895
-0.058525747
0.015998998
-0.12505926
-0.13387818
-0.11928464
-0.12621613
-0.1445258
-0.13144365
0.035463283
-0.084881008
0.0068249425
-0.00038991558
-0.37782906
-0.37602405
-0.3719736
-0.26922753
-0.27061122
-0.26432649
0.060537736
0.077076915
-0.4106947
-0.39109747
-0.038743305
-0.33229842
-0.23911047
-0.24271349
-0.24675391
-0.20912602
-0.21779363
-0.1060952
-0.039174882
-0.031750519
-0.023682064
-0.30708316
-0.1675816
-0.16838775
-0.17586548
-0.41095692
-0.41367965
-0.41349285
-0.3905866
-0.30729792
-0.31508549
-0.30952813
-0.18505381
-0.19924928
-0.19259562
-0.25418434
-0.26562467
-0.2532956
0.12899735
0.15094923
-0.38545638
-0.38471704
-0.11351032
-0.10481083
-0.096478087
-0.32783365
-0.33599842
-0.32599114
-0.26005537
-0.26278824
-0.21002909
-0.19215063
-0.20032462
-0.19762928
-0.21221914
-0.20024835
-0.3003594
-0.30602193
-0.3971776
-0.36493316
-0.35932779
-0.36307793
-0.40046051
-0.30299629
-0.30511422
-0.30007932
-0.41980091
-0.4155898
-0.41589124
-0.21902156
-0.22032028
-0.21239573
-0.30293368
-0.25329485
-0.25375555
-0.31561039
-0.31080855
-0.31773071
-0.22030944
-0.22047733
-0.23176569
-0.31858703
-0.31737517
-0.22891587
-0.34331856
-0.34670469
-0.13063436
-0.38781622
-0.39047078
-0.3840036
-0.35407233
-0.3484898
-0.34893545
-0.22966865
-0.24349978
-0.23979735
-0.35834528
-0.36516648
-0.36462944
-0.42395248
-0.42664642
-0.20571915
-0.21225626
-0.20635164
-0.37598268
-0.3782756
-0.40157263
-0.40804997
-0.40289057
-0.27583959
-0.26770811
-0.26852489
-0.25823684
-0.26481826
-0.26763639
-0.3442904
-0.35150008
-0.35140208
-0.34549901
-0.28277472
-0.29047331
-0.28716289
-0.38751217
-0.38343158
-0.38358703
-0.36416424
-0.35876138
-0.29940427
-0.30588297
-0.42258871
-0.41932253
-0.42157502
-0.32530041
-0.3196986
-0.32480062
-0.42325974
-0.42189579
-0.42049171
-0.41858241
-0.41860802
-0.37742766
-0.2724926
-0.26776437
-0.26393132
-0.39490552
-0.39716404
-0.3997508
-0.30649014
-0.29805115
-0.30456575
-0.29950594
-0.29316217
-0.25668031
-0.36460928
-0.3661466
-0.36012087
-0.18886561
-0.19686359
-0.42451989
-0.42100891
-0.24664607
-0.23653204
-0.24398048
-0.40059747
-0.4057044
-0.19280699
-0.1925441
-0.20122942
-0.29764253
-0.29182089
-0.29581835
-0.36468466
-0.41097427
-0.40961491
-0.33166509
-0.3252302
-0.33283876
-0.2593383
-0.25816386
-0.41146406
-0.4084466
-0.31726884
-0.31893471
-0.28865765
-0.2902671
-0.28559304
-0.25926682
-0.26520632
-0.35166473
-0.35863853
-0.3539203
-0.34408713
-0.3504516
-0.34480136
-0.29603337
-0.30451646
-0.30040078
-0.23404756
-0.23854095
-0.4048389
-0.19983209
-0.20921839
-0.21174119
-0.22890285
-0.22875522
-0.23703268
-0.4043776
-0.40531733
-0.20414404
-0.20565956
-0.39335144
-0.39627499
-0.39095209
-0.40876306
-0.39496609
-0.41640527
-0.34311887
-0.33858887
-0.34600986
-0.27902144
-0.28551786
-0.4191164
-0.40165966
-0.2902313
-0.28999632
-0.28583674
-0.42395042
-0.42493414
-0.3645522
-0.37268099
-0.36518938
-0.14871866
-0.17723892
-0.18483219
-0.27236319
-0.2745364
-0.35289364
-0.35199291
-0.30521251
-0.30948736
-0.19731814
-0.29545113
-0.29714181
-0.37000454
-0.35905912
-0.35822681
-0.41162741
-0.3945821
-0.39009139
-0.36074086
-0.3672327
-0.063789876
-0.041970482
-0.059949937
-0.38670825
-0.38210281
-0.26049188
-0.24885636
-0.25165747
-0.25306083
-0.3957509
-0.36043787
-0.36345596
-0.3662043
-0.38356598
-0.38055849
-0.38774652
-0.41449087
-0.40995972
-0.41448027
-0.41080527
-0.39571006
-0.40676491
-0.22896277
-0.23598336
-0.34191324
-0.34760986
-0.41384546
-0.4170124
-0.20670411
-0.21877777
-0.23245457
-0.24476678
-0.2406552
-0.41872699
-0.2063668
-0.41828128
-0.30775465
-0.31170505
-0.42155968
-0.42705752
-0.42783563
-0.4258915
-0.42027247
-0.42204399
-0.42575728
-0.4212921
-0.28297903
-0.27819226
-0.41586296
-0.41863247
-0.34032138
-0.35042243
-0.41499369
-0.35508796
-0.36122106
-0.39819172
-0.40110549
-0.39836012
-0.21102015
-0.4301362
-0.43021375
-0.43053515
-0.2670794
-0.27444215
-0.21363215
-0.41837061
-0.41982365
-0.41729839
-0.28314935
-0.29042861
-0.28923762
-0.26337935
-0.27002792
-0.26765544
-0.27299751
-0.27734425
-0.41248273
-0.41631131
-0.27345901
-0.39183047
-0.37193895
-0.17876109
-0.18480206
-0.1725586
-0.37246433
-0.36806236
-0.42395579
-0.29793939
-0.2824404
-0.27023209
-0.27608087
-0.35785774
-0.29507539
-0.30132538
-0.42554961
-0.28598466
-0.33481351
-0.32599189
-0.33276739
-0.33130714
-0.32682922
-0.33265634
-0.34297819
-0.38000561
-0.20703946
-0.19309709
-0.26462871
-0.2763332
-0.27885151
-0.2724513
-0.24123572
-0.32361646
-0.27683433
-0.35636904
-0.35042898
-0.33906772
-0.33146175
-0.33177781
-0.33652282
-0.32958186
-0.39044444
-0.39447418
-0.38554619
-0.38933584
-0.39182331
-0.42886307
-0.42957712
-0.40582459
-0.40643114
-0.42243801
-0.39224177
-0.33987222
-0.30194851
-0.29758026
-0.30462506
-0.21472107
-0.20523581
-0.21456715
-0.29483408
-0.30268803
-0.25337797
-0.4121897
-0.16938014
-0.42775549
-0.36017213
-0.40624848
-0.28224438
-0.2761027
-0.28322714
-0.3745433
-0.35684926
-0.35157611
-0.3520366
-0.32022881
-0.31481819
-0.31855742
-0.42850422
-0.42754528
-0.36961412
-0.37194113
-0.35466521
-0.41564717
-0.28666124
-0.27321713
-0.28647597
-0.42391725
-0.43063274
-0.42871389
-0.42131521
-0.24054013
-0.24297981
-0.26206325
-0.25905686
-0.41753316
-0.41844681
-0.41801754
-0.42112876
-0.42895387
-0.42852707
-0.3930273
-0.39248199
-0.40218852
-0.40979476
-0.37834238
-0.36855429
-0.37364167
-0.37327115
-0.3814817
-0.38665541
-0.38574436
-0.42982392
-0.42906046
-0.41944995
-0.37870744
-0.38148409
-0.37658362
-0.37834962
-0.38540566
-0.38898523
-0.36433894
-0.36281345
-0.36948358
-0.3656353
-0.37059644
-0.36978617
-0.36707754
-0.37221474
-0.33625166
-0.34732918
-0.36871961
-0.36440963
-0.33487416
-0.36455042
-0.37588179
-0.35620505
-0.36459004
-0.37146846
-0.35779804
-0.34722411
-0.35012653
-0.32384542
-0.34696927
-0.40900701
-0.40389415
-0.36240525
-0.3578114
-0.25657313
-0.25435365
-0.24702527
-0.2641561
-0.31521281
-0.31847689
-0.31195351
-0.29327804
-0.2815813
-0.226175
-0.21793327
-0.30248455
-0.30380377
-0.32945904
-0.3168763
-0.31015393
-0.34142998
-0.29020936
-0.34054218
-0.20520819
-0.29805071
-0.34448364
-0.35042798
-0.21453741
-0.28800104
-0.31841623
-0.34084594
-0.34135604
-0.33118537
-0.246428
-0.25207969
-0.24083099
-0.22925938
-0.20739127
-0.21665384
-0.34617252
-0.33888109
-0.34449598
-0.32565235
-0.31892777
-0.32722914
-0.24110797
-0.34835593
-0.30851183
-0.30887651
-0.33488832
-0.28105956
-0.27240463
-0.37433886
-0.31470249
-0.32174588
-0.35651617
-0.34500429
-0.1752313
-0.17885204
-0.16985084
-0.26155333
-0.29304824
-0.25082102
-0.24475992
-0.25484144
-0.33906744
-0.33208044
-0.33080245
-0.3326503
-0.23939056
-0.23751537
-0.34478159
-0.34780177
-0.34219298
-0.32532673
-0.33765817
-0.26659087
-0.25783618
-0.26160418
-0.32476406
-0.31836887
-0.30049064
-0.31298645
-0.3035
-0.31183015
-0.3043651
-0.22657252
-0.2403319
-0.23425707
-0.32581776
-0.30261764
-0.33213666
-0.33598334
-0.31956209
-0.26404565
-0.26185167
-0.2714534
-0.35191742
-0.19453454
-0.19965326
-0.20911343
-0.23061377
-0.2366143
-0.24103068
0.56860981
0.55533841
0.69088802
0.71660388
0.81762888
0.53693283
0.69325078
0.55527902
0.56692421
0.89232354
0.89531178
0.90916785
0.75262239
0.54859718
0.5515895
0.72963425
0.71923339
0.64876806
0.66679003
0.67788243
0.64466029
0.62463678
0.74426864
0.73096953
0.64769973
0.97914987
0.96480548
0.97235251
0.62820595
0.68822831
0.67738168
0.65992507
0.63899406
0.64288682
0.72823867
0.48959386
0.46027748
0.44955912
0.47595517
0.45918254
0.46871698
0.57882414
0.55437886
0.60415831
0.59037669
0.60702538
0.58524257
0.75100407
0.69197966
0.68856951
0.78745676
0.777792
0.7964497
0.63902816
0.72296306
0.73071868
0.55586599
0.67881996
0.6457391
0.70559894
0.68931801
0.53577545
0.53281553
0.64615303
0.46948618
-0.046179173
-0.076765956
-0.082583873
-0.075379123
0.20659717
0.67014341
0.88343806
0.8009046
0.8148806
0.70315699
0.77753429
0.78377505
0.76131012
0.61509453
0.62885752
0.54397482
0.63992282
0.78034563
0.76759988
0.7633136
0.77544866
0.76205387
-0.048251449
0.3221678
0.73515542
0.71632191
0.73661113
0.74893066
0.75013548
0.17450604
0.19300419
0.19085989
0.73196589
0.74017487
0.72441928
-0.038075098
-0.032874187
-0.0037055047
0.0090507669
-0.10595018
-0.10289025
0.0075455115
-0.0083071442
0.012837348
0.64374392
0.63316268
0.72141293
0.67799572
0.6902517
0.58919877
0.69049004
0.67465467
0.68313295
0.67311585
0.68245879
0.66102945
0.76412203
0.77177316
0.75806669
0.69261319
0.68723583
0.62675417
0.60270817
0.60856137
0.61177832
0.58258865
0.58009335
0.61642731
0.5953562
0.64199996
0.9719476
0.98540652
0.97985192
0.67756877
0.75019533
0.56563098
0.57632083
0.59361127
0.54465493
0.70593638
0.94370127
0.95095298
0.95865936
0.71876937
0.77557772
0.76309257
0.77218749
0.75534618
0.76379769
0.69542181
0.63117661
0.70966568
0.92451785
0.91529411
0.90609722
0.79171947
0.83059072
0.81727697
0.78744427
0.79978675
0.80915558
0.74316145
0.80329181
0.79370349
0.79235988
0.78545856
0.75795379
0.73970804
0.80746098
0.82889469
0.8151458
0.82107849
0.77145159
0.78008808
0.78983156
0.78812297
0.80165765
0.70507374
0.71632349
0.77701772
0.78426884
0.76404067
0.7547033
0.74562076
0.73121122
0.76955846
0.76519031
0.75416512
0.77527658
0.82109179
0.68530624
0.80837037
0.85112917
0.83047533
0.84571643
0.83631275
0.8977133
0.8913051
0.70702159
0.71629153
0.70565727
0.7803587
0.7851301
0.80536126
0.73896338
0.87880952
0.90085648
0.89342971
0.81789682
0.60297444
0.61594941
0.59159773
0.60483274
0.64512067
0.86543713
0.84969881
0.62574593
0.60403955
0.61222417
0.62626908
0.57998
0.60164702
0.62342939
0.55773096
0.77381635
0.6176446
0.73019078
0.80106293
0.84503799
0.8261094
0.8392955
0.86768634
0.88201577
0.87926516
0.86349841
0.86235169
0.87518471
0.80427148
0.83945398
0.85515614
0.85207047
0.82455649
0.81723334
0.83003609
0.74665132
0.73884188
0.76313849
0.75073702
0.7392496
0.77874674
0.79411098
0.82596189
0.80845839
0.82238283
0.81438838
0.7905299
0.77138819
0.72414186
0.88538845
0.91034966
0.88529673
0.72625435
0.78147397
0.76777887
0.79567288
0.7631957
0.69768512
0.80603862
0.87053163
0.86541158
0.8252165
0.81058449
0.82201659
0.7953815
0.78943143
0.7985699
0.7881569
0.82760463
0.67212357
0.69201741
0.75357625
0.77667544
0.71361662
0.70315337
0.57965936
0.7248546
0.71762852
0.80483248
0.81808217
0.85892188
0.86959345
0.8678885
0.85237879
0.95642436
0.97078712
0.97590157
0.85301439
0.86258815
0.90936332
0.83970324
0.84060556
0.92680637
0.92359958
0.95020842
0.8985941
0.93917969
0.9569988
0.92915492
0.96312475
0.94799168
0.96445621
0.94266821
0.84738883
0.84232694
0.8354686
0.83806178
0.86414867
0.88080899
0.89270488
0.8812913
0.80230379
0.79126477
0.9181077
0.90145161
0.90885531
0.90960661
0.91193227
0.89895608
0.75675462
0.74070331
0.74809712
0.7918409
0.81340858
0.76543632
0.77792704
0.73102318
0.78977849
0.81414267
0.80849222
0.81319795
0.9329667
0.92813917
0.94380124
0.8768189
0.83416973
0.90603606
0.91884639
0.90281086
0.81901822
0.82623463
0.8299235
0.8580419
0.89397521
0.87251282
0.92103175
0.92057478
0.87574488
0.86394815
0.88632595
0.88561096
0.86506758
0.93728815
0.92461922
0.8476582
0.83657438
0.87389477
0.83930312
0.85687744
0.86407057
0.84627339
0.93442655
0.92988215
0.95226414
0.95131095
0.88609194
0.82176614
0.85455836
0.83552757
0.90420285
0.8639734
0.8733618
0.88890189
0.85854302
0.92197241
0.85444008
0.83432849
0.94524406
0.97651682
0.98489388
0.99374803
0.93383944
0.92052083
0.90532461
0.97072431
0.97541229
0.96241817
0.97963006
0.99019403
0.99320959
0.89440995
0.88365086
0.88397645
0.87429904
0.89391047
0.87158083
0.88519511
1.0134597
0.99393215
0.99917208
0.94131284
0.93556948
0.92298547
0.95563045
0.88320098
0.89807507
0.89917092
0.90739797
0.93121971
0.89654595
0.90904261
0.93427757
0.93491651
0.97080282
0.96287364
0.96685991
0.96807405
0.9856883
0.96117378
0.92002396
0.91004191
0.91314082
0.94608388
0.94491796
0.9109402
0.93538014
0.92397765
0.97067197
1.015788
1.0266426
1.0211098
1.0123097
1.0228004
1.0111546
1.0367197
1.005838
0.95669271
0.97239035
1.0208837
1.0073402
1.0107171
0.92915168
0.93235312
0.94426178
0.95112449
0.94113858
0.96892988
0.95677182
0.95068342
1.0588219
1.08341
1.0950775
0.95926843
0.9697183
0.98789544
0.97861961
1.0636925
1.0654904
1.0540381
1.0042311
1.0337466
1.0328007
1.0429711
1.0187358
1.0280061
0.98758391
0.98378702
1.0528015
1.0434398
1.0058389
0.99883512
1.0486307
1.0601169
1.0619477
0.99376665
1.0005236
1.0720212
1.0844513
1.0748238
1.0741807
1.0509306
1.0571216
1.047089
0.99959047
1.0030397
1.031321
1.0191247
0.98800111
1.0031924
0.02236949
-0.014314511
-2.665902e-005
-0.32262186
-0.31589906
-0.31764367
-0.27697053
-0.4258571
-0.32519674
-0.33278003
-0.32403418
-0.31561609
-0.25861009
-0.32537394
-0.26014066
-0.37058001
-0.29743104
-0.29949368
-0.31334274
-0.30152762
-0.23125044
-0.26354706
-0.30237708
-0.30918082
-0.30332845
-0.31036887
-0.28157815
-0.29013036
-0.27560933
-0.2739978
-0.25567507
-0.24412919
-0.28188448
-0.25691819
-0.2757198
-0.29039682
-0.28741344
-0.2849738
-0.26889045
-0.26780287
-0.23153462
-0.35210018
-0.21143457
-0.34349368
-0.24043282
-0.32618546
-0.31917003
-0.4295574
-0.42918733
-0.4281734
-0.22498596
-0.25478674
-0.28212491
-0.2783852
-0.24462491
-0.37453415
-0.36978921
-0.36514086
-0.29123693
-0.23304928
-0.26653812
-0.23611163
-0.22177663
-0.28037267
-0.37933735
-0.23300897
-0.30817316
-0.31058423
-0.28710653
-0.37769935
-0.22164211
-0.27499375
-0.27823264
-0.26986543
-0.27643459
-0.29417398
-0.26473692
-0.26768976
-0.25817316
-0.29449542
-0.28712958
-0.25661026
-0.25556595
-0.34036264
-0.28528596
-0.2632702
-0.28403041
-0.27486779
-0.27939102
-0.24466982
-0.25410554
-0.26435276
-0.27009255
-0.26158189
-0.24585624
-0.2384245
-0.24038603
-0.25277468
-0.24549682
-0.2576171
-0.2502103
-0.24574261
-0.24473277
-0.23071895
-0.23924677
-0.23039489
-0.21725455
-0.22296805
-0.20774614
-0.14764497
-0.14396973
-0.19646927
-0.28953517
-0.26811285
-0.26116737
-0.26516162
-0.23634324
-0.22575317
-0.23804722
-0.23051766
-0.23608516
-0.18578365
-0.18859894
-0.1801643
-0.18090839
-0.24645806
-0.2423958
-0.21435135
-0.19878086
-0.20002869
-0.20032732
-0.18821653
-0.19025521
-0.27709452
-0.336478
-0.27277366
-0.26985087
-0.18788466
-0.17922637
-0.21486164
-0.21706686
-0.20985796
-0.15874762
-0.16832906
-0.16400753
-0.1909536
-0.17761118
-0.20149247
-0.20555132
-0.31706012
-0.30949473
-0.30488903
-0.31262775
-0.23008453
-0.22399317
-0.36025754
-0.37001685
-0.36464482
-0.36985652
-0.2538056
-0.38636039
-0.38612241
-0.38527018
-0.38250883
-0.37901538
-0.26926204
-0.29337134
-0.28956137
-0.3831369
-0.24541805
-0.35200819
-0.34556843
-0.34867212
-0.22644642
-0.22137853
-0.22441708
-0.26263486
-0.17495418
-0.17561218
-0.22420643
-0.34746785
-0.35462099
-0.35395312
-0.30216281
-0.28428966
-0.27818497
-0.27992435
-0.22196456
-0.22804331
-0.22358573
-0.23546322
-0.18719585
-0.1811364
-0.17644795
-0.27050258
-0.21598775
-0.22174023
-0.33698917
-0.26568468
-0.22017765
-0.21912999
-0.21542108
-0.25393013
-0.25379666
-0.2565683
-0.28044827
-0.25127862
-0.19170871
-0.19422449
-0.18973433
-0.23709027
-0.23330158
-0.22977221
-0.33952646
-0.3378215
-0.34385195
-0.2624884
-0.22738881
-0.22934216
-0.22246668
-0.22305915
-0.22201766
-0.22860582
-0.24133486
-0.23839125
-0.24360296
-0.35969679
-0.2669055
-0.25992331
-0.26103429
-0.32931292
-0.36231242
-0.24925583
-0.2553819
-0.20926982
-0.21021664
-0.32841902
-0.31994162
-0.32409815
-0.26022586
-0.2493702
-0.25069094
-0.40882368
-0.40420784
-0.40529276
-0.26831849
-0.23980673
-0.18721794
-0.36960363
-0.36455719
-0.3302502
-0.32548506
-0.40637415
-0.18012527
-0.37119636
-0.42325367
-0.42203634
-0.42394852
-0.22615432
-0.37947534
-0.27254223
-0.31903548
-0.32465245
-0.28845533
-0.3296114
-0.3351059
-0.27360406
-0.25627316
-0.2594432
-0.2649992
-0.38486014
-0.2270844
-0.22590256
-0.21925365
-0.16753683
-0.33346897
-0.33231484
-0.33602554
-0.19737997
-0.19477317
-0.27992292
-0.27306447
-0.2429983
-0.25088894
-0.21311903
-0.21150021
-0.21707379
-0.23337563
-0.2501514
-0.25579325
-0.21446033
-0.20826464
-0.35249309
-0.3601164
-0.31435922
-0.31161433
-0.22259323
-0.22551392
-0.17699411
-0.16753501
-0.34053262
-0.34659447
-0.18400932
-0.33140409
-0.33433127
-0.16832339
-0.37280963
-0.37029685
-0.37658697
-0.31615045
-0.39759
-0.29620542
-0.29797553
-0.28943418
-0.3214439
-0.32130039
-0.24399156
-0.15964716
-0.17497403
-0.21271759
-0.20306341
-0.15326126
-0.14970136
-0.18472476
-0.21690204
-0.21316056
-0.13057115
-0.13794243
-0.13160562
-0.18312843
-0.19022069
-0.19266606
-0.10271688
-0.19551766
-0.2047482
-0.16450972
-0.17202405
-0.15383242
-0.14420476
-0.15646829
-0.14709011
-0.15339351
-0.14151059
-0.12251322
-0.11769389
-0.12669053
-0.21525479
-0.20963952
-0.19988209
-0.21229982
-0.21738493
-0.21207663
-0.20510611
-0.19795103
-0.20306501
-0.20525482
-0.2208847
-0.20518745
-0.17848912
-0.18555841
-0.18934962
-0.20036131
-0.17524222
-0.16359685
-0.16539868
-0.13660212
-0.1330298
-0.12092411
-0.11297202
-0.11543284
-0.11185921
-0.11080044
-0.22997352
-0.22719852
-0.13309464
-0.12364722
-0.13988288
-0.13108159
-0.1044579
-0.10248292
-0.081981731
-0.2623326
-0.24619588
-0.23107778
-0.23550835
-0.23288243
-0.23778975
-0.25039276
-0.25708401
-0.22273873
-0.22290578
-0.24280998
-0.23224856
-0.23521187
-0.23812988
-0.24782919
-0.24347265
-0.23462199
-0.22924527
-0.23861434
-0.20011197
-0.19812453
-0.20441461
-0.21845412
-0.20803262
-0.22097388
-0.22960512
-0.22608017
-0.20011871
-0.19496249
-0.19616261
-0.20106696
-0.2024396
-0.20301957
-0.20817967
-0.20759373
-0.21116465
-0.20479074
-0.20112035
-0.20992043
-0.19771853
-0.20016987
-0.15894744
-0.15895295
-0.16212581
-0.21889009
-0.21538043
-0.20464134
-0.2080134
-0.19324749
-0.19740247
-0.19850127
-0.20773444
-0.19915455
-0.19551716
-0.18944097
-0.23493927
-0.23218436
-0.22962646
-0.20001675
-0.20234839
-0.18895437
-0.17896362
-0.17345834
-0.18166752
-0.18914766
-0.1916185
-0.18500019
-0.21875807
-0.21572183
-0.18609278
-0.24145708
-0.23612786
-0.23514607
-0.23365437
-0.2107154
-0.19943037
-0.19609793
-0.21723064
-0.20850206
-0.20470929
-0.20316225
-0.20961705
-0.21585097
-0.20485502
-0.2004581
-0.19573463
-0.19514517
-0.19243513
-0.20525348
-0.22392979
-0.20633752
-0.21088502
-0.21063602
-0.20291126
-0.17246875
-0.16730232
-0.17019097
-0.1992328
-0.19880952
-0.19459091
-0.19301024
-0.19009857
-0.18859259
-0.17345105
-0.17952187
-0.17604582
-0.21144814
-0.19107588
-0.19489645
-0.1867881
-0.1911404
-0.19028062
-0.19494916
-0.18754268
-0.18827018
-0.18520228
-0.1841869
-0.18639136
-0.19365992
-0.1872321
-0.19067065
-0.20286572
-0.20434443
-0.19738952
-0.1768224
-0.18305175
-0.20571315
-0.18999909
-0.18441933
-0.18550148
-0.19784168
-0.19309704
-0.15195709
-0.14771397
-0.15886391
-0.14859972
-0.13795918
-0.12942987
-0.12221763
-0.17323167
-0.18150312
-0.17570277
-0.19362667
-0.18771984
-0.19389978
-0.20321333
-0.19784914
-0.19457738
-0.17800918
-0.18012792
-0.18061101
-0.17612186
-0.17747992
-0.18028225
-0.1844339
-0.1864788
-0.18934749
-0.19106546
-0.19055349
-0.18443028
-0.18578599
-0.18724818
-0.1863336
-0.22853773
-0.23215045
-0.22408576
-0.21971513
-0.24346701
-0.2511335
-0.24232546
-0.21818328
-0.22527826
-0.17526468
-0.18016217
-0.1848774
-0.21345876
-0.22261494
-0.22476815
-0.22990175
-0.21046175
-0.21247122
-0.21631156
-0.20402563
-0.1980427
-0.21298866
-0.21489539
-0.20979636
-0.17831952
-0.18927134
-0.17062323
-0.1641187
-0.26484064
-0.26066481
-0.26856787
-0.25704226
-0.2620193
-0.24286218
-0.25443678
-0.2484527
-0.24124265
-0.23900075
-0.2533191
-0.2401607
-0.2441087
-0.24813899
-0.25207406
-0.24678137
-0.23409613
-0.31765144
-0.24686151
-0.25148132
-0.23766531
-0.2487916
-0.18073663
-0.18429531
-0.1811876
-0.18165503
-0.17549557
-0.17184017
-0.17014642
-0.17898119
-0.16743405
-0.16905106
-0.19831625
-0.17346745
-0.17494905
-0.19287724
-0.19212118
-0.17531223
-0.1993777
-0.19823696
-0.19178286
-0.22400897
-0.19500409
-0.21363775
-0.17866387
-0.16745112
-0.2075043
-0.23643621
-0.22149254
-0.21665865
-0.22549307
-0.19170814
-0.15691051
-0.16585459
-0.15528962
-0.15793176
-0.15244298
-0.15908585
-0.16438757
-0.16170438
-0.19718986
-0.18794617
-0.099682036
-0.092386774
-0.099738384
-0.18126085
-0.36867409
-0.1853587
-0.13421303
-0.12819493
-0.12860422
-0.14165278
-0.20074673
-0.20854447
-0.19170843
-0.18001386
-0.19577127
-0.18147194
-0.17596953
-0.18257865
-0.31450152
-0.20345898
-0.19056463
-0.19667385
-0.16444193
-0.14393295
-0.13697953
-0.14317962
-0.12125175
-0.11788471
-0.12561339
-0.074618515
-0.18681649
-0.30632945
-0.34238746
-0.34238965
-0.321973
-0.31532609
-0.18500327
-0.18882609
-0.17563936
-0.10601077
-0.10985547
-0.11532539
-0.1600495
-0.15361761
-0.15542777
-0.16735701
-0.11129751
-0.10146526
-0.15085225
-0.11767052
-0.10979184
-0.30854221
-0.14949742
-0.16747628
-0.16753252
-0.18424381
-0.16970794
-0.17798943
-0.168859
-0.2019014
-0.42979846
-0.14634989
-0.14549822
-0.11105229
-0.10861625
-0.10417563
-0.17254309
-0.086295022
-0.091341215
-0.094545706
-0.34384889
-0.1409374
-0.14884369
-0.1547698
-0.14060025
-0.39487393
-0.33895469
-0.28475045
-0.38702547
-0.38978151
-0.39155783
-0.17761991
-0.17909663
-0.18162503
-0.19075483
-0.19007706
-0.18120319
-0.092868978
-0.12243937
-0.35436247
-0.35490809
-0.37823311
-0.29148023
-0.40113469
-0.28925866
-0.28639925
-0.17517706
-0.17003574
-0.19798194
-0.17853585
-0.17292902
-0.16885382
-0.16743838
-0.018504829
-0.019024079
-0.0093233819
-0.0087638574
-0.048889553
-0.051032441
-0.041467764
-0.060409638
-0.0270705
-0.038446444
-0.028981408
-0.086754286
-0.092596881
-0.098296803
0.010684887
0.018817991
0.025350309
0.064810078
0.046735237
0.0012897712
0.035028464
0.15363264
0.026346077
0.037557959
0.04948538
0.0066349886
0.048051629
0.025337159
-0.039173895
0.071960843
0.039606411
-0.053633753
-0.059352565
-0.047496457
0.05326515
0.071675532
0.11363854
-0.12003572
-0.11251093
0.063797483
0.081262778
0.27331323
0.01583992
0.0073618511
-0.0085846444
-0.040569259
0.17713658
0.19261636
-0.093089048
-0.084048845
-0.036146652
-0.029458684
-0.041205188
0.23934984
-0.055093361
-0.11715191
-0.10891669
-0.10676549
-0.081721709
-0.018167259
-0.01181838
0.088371733
-0.067625446
-0.047726948
-0.017863193
-0.10928868
-0.16776804
-0.16712811
-0.16703234
0.11331282
0.11831305
0.026359403
0.027733618
0.039235652
-0.095888753
-0.10551844
0.14925939
0.15225493
0.12433118
0.10240029
0.10289797
0.29904783
0.28306481
0.30268546
0.16731727
0.17737982
0.16623313
-0.014500719
-0.019131828
-0.027352613
0.16397153
-0.093126017
-0.098787529
-0.07829194
-0.074218803
0.083743205
0.036161721
0.14332221
0.25479066
-0.10034988
0.42534328
0.15536537
0.16404841
-0.0044237985
-0.066087823
-0.054554865
-0.061795565
0.060201724
0.070075028
-0.1427006
-0.0427116
-0.034914826
0.13322659
0.12973332
0.14509511
-0.16668257
-0.16689266
-0.16578021
0.3763954
-0.15563666
-0.15245247
-0.13038627
-0.13484257
-0.13777099
-0.14202008
-0.1597003
-0.16269847
-0.16014046
0.27482747
0.26204592
0.27803347
-0.10267807
-0.11429925
0.25172039
0.210635
0.20475753
0.19468503
0.19175678
0.2186327
0.240176
0.21745973
-0.12557433
-0.13453121
0.21808016
0.20669833
0.26912104
0.17855722
0.19279979
0.19119859
-0.094100985
0.011491519
0.020649906
0.19989762
0.20802561
0.37030185
0.36396122
0.28481245
0.2965008
0.25751814
0.36705631
0.36226729
0.38122853
0.24871296
-0.062114789
-0.063527903
-0.071646587
-0.081304459
0.19813959
0.19995768
-0.071580065
-0.12793032
-0.12206307
0.26539989
0.25159513
0.26491215
0.027350993
-0.13584934
-0.13829143
-0.13260157
0.15827516
0.16340734
0.35547347
-0.026167122
-0.040086593
-0.1119368
-0.10865411
0.34786244
0.34827085
-0.1320684
0.41040374
0.42216236
0.047030245
-0.14018242
-0.082942451
0.11361559
-0.17796574
-0.17589648
-0.13689813
0.40790321
0.3929689
0.41462482
-0.066207496
0.2401974
-0.013163212
-0.062550732
0.028074032
0.020214297
-0.07688569
-0.071307346
-0.13129293
-0.049612227
-0.036820135
-0.082997768
-0.15687202
-0.11776778
-0.069183339
-0.076646398
-0.11385038
-0.094786911
-0.066929076
-0.15888013
-0.11577787
-0.088488048
-0.10929156
0.33929115
0.383421
-0.1574757
-0.14912145
-0.14433242
0.1845041
-0.15009368
-0.040116801
-0.0096945319
-0.019819635
-0.021349705
-0.076704792
-0.22026884
-0.23136421
-0.22006565
-0.29435953
-0.28562225
-0.29386267
-0.15336794
-0.16356189
-0.18014122
-0.15709861
-0.18354734
-0.02285376
-0.18976797
-0.18528245
-0.17828594
-0.22936498
-0.24763623
-0.2343465
-0.16161723
-0.19862561
-0.19701884
-0.20573
-0.21431806
-0.21023188
-0.25739349
-0.17943498
-0.19300019
-0.24225477
-0.22966603
-0.23947074
-0.16890107
-0.2051126
-0.15790972
-0.1683698
-0.15412112
-0.17475135
-0.2136439
-0.22462951
-0.22382781
-0.21395233
-0.30592662
-0.31225918
-0.30649866
-0.27111363
-0.26114232
-0.26227684
-0.31672224
-0.29831428
-0.27868967
-0.28847831
-0.26539663
-0.25520776
-0.25164839
-0.2353484
-0.29868217
-0.26199067
-0.27126856
-0.25142823
-0.29067101
-0.28990076
-0.27990315
-0.28205963
-0.27694671
-0.1646589
-0.22121286
-0.23004496
-0.24553893
-0.18202752
-0.19443663
-0.17217812
-0.18246275
-0.24951955
-0.20146336
-0.20312363
-0.21514793
-0.15601043
-0.14317723
-0.17685377
-0.18438418
-0.17488883
-0.21090208
-0.21265902
-0.2110907
-0.20249247
-0.1660602
-0.15389997
-0.15532878
-0.14015798
-0.16632198
-0.19040179
-0.2525162
-0.27461517
-0.16432172
-0.16509228
-0.18268626
-0.19772758
-0.19010392
-0.24056861
-0.18396045
-0.18036682
-0.19513353
-0.19197875
-0.18840512
-0.22815173
-0.22495839
-0.2186591
-0.17376564
-0.19381329
-0.20403369
-0.2198824
-0.13182889
-0.22671908
-0.21994899
-0.27089603
-0.26958295
-0.27519119
-0.18854437
-0.27171573
-0.28174639
-0.28913876
-0.26094104
-0.24798842
-0.2996947
-0.28207346
-0.29905722
-0.2910276
-0.30287842
-0.27926012
-0.29077816
-0.30983353
-0.2792585
-0.28402036
-0.31119622
-0.31392976
-0.27054737
-0.26667181
-0.2537269
-0.36233442
-0.35367673
-0.32108391
-0.21217054
-0.32463516
-0.31908208
-0.30410964
-0.32597038
-0.33229188
-0.19767259
-0.18674494
-0.35134417
-0.42795956
-0.32342956
-0.32289078
-0.34144189
-0.30804765
-0.33947442
-0.24757063
-0.25964349
-0.25408074
-0.42914835
-0.38331237
-0.38841043
-0.42137303
-0.33519975
-0.34449855
-0.31271621
-0.33424924
-0.34067802
-0.33562468
-0.32831343
-0.31749538
-0.33138099
-0.33723737
-0.34345318
-0.29376709
-0.29689716
-0.19676415
-0.37520893
-0.37048674
-0.40076436
-0.29964861
-0.30783557
-0.30853676
-0.30123674
-0.35929469
-0.37487573
-0.23049463
-0.24423673
-0.21884834
-0.25177965
-0.22518793
-0.26379
-0.20700842
-0.37829447
-0.26701234
-0.27527119
-0.26680221
-0.42417889
-0.42622658
-0.4262087
-0.39583035
-0.39125928
-0.38305806
-0.34652042
-0.27789738
-0.27197105
-0.28152232
-0.2916395
-0.18884575
-0.27950352
-0.40859895
-0.41158623
-0.41287963
-0.28839496
-0.29537544
-0.28895812
-0.29514497
-0.30309917
-0.42380715
-0.41427962
-0.40836804
-0.40767206
-0.39859124
-0.37616218
-0.3328037
-0.32749614
-0.36400619
-0.36166796
-0.35437993
-0.2163689
-0.31169966
-0.31518405
-0.31977537
-0.32121857
-0.32013461
-0.32877028
-0.30529351
-0.31349626
-0.22687413
-0.21262982
-0.20534796
-0.36955292
-0.42582658
-0.42635661
-0.34750477
-0.42189021
-0.42143703
-0.42406342
-0.38983552
-0.40143055
-0.40484423
-0.39342528
-0.4002169
-0.3870454
-0.38409045
-0.39040346
-0.368489
-0.427461
-0.4220642
-0.40593635
-0.40318025
-0.41217784
-0.40015328
-0.4149408
-0.41788129
-0.41722912
-0.37379898
-0.41931862
-0.41636735
-0.18103685
-0.16808215
-0.31567149
-0.18617527
-0.17603884
-0.1774896
-0.19402421
-0.16750948
-0.16750253
-0.17737906
-0.1676273
-0.34011139
-0.18285706
-0.19802642
-0.33888995
-0.33416732
-0.34020924
-0.29664714
-0.42746938
-0.28511648
-0.30272732
-0.39813772
-0.42853614
-0.39421252
-0.37850469
-0.34067388
-0.35295586
-0.35799616
-0.32869162
-0.32532175
-0.31414954
-0.308623
-0.31934084
-0.30786438
-0.39303662
-0.3602482
-0.36612782
-0.34859861
-0.34923907
-0.34660589
-0.35114053
-0.31438748
-0.29400737
-0.29258632
-0.32484562
-0.30162892
-0.33318995
-0.30309479
-0.34774101
-0.34469137
-0.33459142
-0.35687253
-0.36230258
-0.35595398
-0.37762211
-0.37329963
-0.37210098
-0.36259729
-0.35383464
-0.36368423
-0.42981912
-0.43064414
0.19385029
0.20857284
0.33309466
0.31821232
-0.087157347
0.95315802
0.93200064
0.93900646
0.92308524
0.92416262
0.94826247
0.92990951
0.94250764
0.98064958
0.98968634
0.97554199
0.94449278
0.95830138
0.95486682
0.99905404
0.98092627
0.97925062
0.95880735
0.95849078
0.97938885
0.96803512
0.99551444
0.99433209
0.98307924
0.96618521
0.95652761
1.0451162
1.0275529
0.99741087
0.98252109
1.0426987
1.0520889
1.0572905
1.0423947
1.0334155
1.0334852
1.0173965
1.0454668
1.0647411
1.0528393
1.055816
1.0669759
1.0221017
1.0135456
0.99994147
1.0398962
0.98325991
0.99018629
1.0817825
1.0703716
1.0781973
1.0232797
1.0367149
1.016405
1.0339727
1.0367726
1.0967348
1.0018968
-0.1908928
-0.18682722
-0.18987578
-0.17523582
-0.17248788
-0.17883485
-0.17901954
-0.18431838
-0.18090078
-0.17900686
-0.18357298
-0.18337435
-0.18287351
-0.18181099
-0.17027443
-0.16923709
-0.16931137
-0.1834302
-0.17833832
-0.17903658
-0.18255661
-0.17257867
-0.17086285
-0.17197017
-0.16466263
-0.16650688
-0.16181286
-0.14578468
-0.14032886
-0.17749381
-0.17599218
-0.17406762
-0.17075297
-0.17177947
-0.16896079
-0.16873463
-0.16722636
-0.16837138
-0.16895619
-0.18367961
-0.17085232
-0.16995314
-0.17267427
-0.16782264
-0.16093467
-0.16005471
-0.16499576
-0.16793269
-0.1630913
-0.16127116
-0.17228676
-0.17319721
-0.1692116
-0.16743341
-0.13714092
-0.17586191
-0.1742893
-0.17219677
-0.16816985
-0.1665909
-0.16944334
-0.17321972
-0.1708912
-0.17077227
-0.1746774
-0.16841601
-0.167423
-0.16377599
-0.16529008
-0.1686249
-0.1673232
-0.17410348
-0.17246125
-0.16822107
-0.1564954
-0.13233371
-0.12956244
-0.15826178
-0.15354403
-0.15435272
-0.16134782
-0.1675254
-0.17119673
-0.14137166
-0.14411745
-0.13675241
-0.17731236
-0.16529689
-0.15475256
-0.15904018
-0.13599135
-0.16263152
-0.16532421
-0.16338125
-0.15928421
-0.16147164
-0.15712668
-0.16186296
-0.13651232
-0.17159258
-0.17381984
-0.16739705
-0.16731559
-0.18026278
-0.18050744
-0.18743558
-0.18413844
-0.19544156
-0.17064337
-0.1723836
-0.16729535
-0.17207247
-0.16736383
-0.18305893
-0.1856087
-0.1820083
-0.17636119
-0.17680013
-0.17723023
-0.16256109
-0.16036621
-0.17802434
-0.18044117
-0.18274822
-0.17511192
-0.1729017
-0.16729521
-0.17107062
-0.17483872
-0.08380916
-0.084089566
0.31558163
0.32935265
0.31276409
0.17560066
0.37876153
0.19067932
0.1991896
0.36254977
0.39440699
-0.13948203
-0.12926811
-0.15238895
-0.15228229
-0.1556224
0.22477162
0.37240337
0.32766447
0.15700886
0.13485594
0.14627535
0.1813794
0.24322419
0.23365691
0.22891205
-0.091757777
-0.10367301
-0.14035323
-0.14221686
-0.14501194
-0.11556836
-0.075029688
0.341986
0.28680397
0.26645267
-0.12239604
0.33741917
0.35927412
0.38125929
-0.064994131
-0.076107841
-0.070118878
-0.077805045
-0.090241254
-0.086718152
-0.05791083
0.1230958
0.1241452
0.10977027
0.0040173593
-0.1658517
0.14766224
-0.1505816
-0.15385073
-0.062738888
-0.054477083
-0.03332259
-0.030780616
-0.040983122
-0.043860055
-0.089407066
0.18996875
-0.1439676
-0.15467964
0.20817581
0.25071596
0.22944385
-0.091370397
-0.098041728
0.096044706
0.3825915
-0.023832292
-0.16400918
-0.16703795
-0.16365272
-0.12153268
-0.097249317
-0.10037013
-0.15409119
-0.15584308
-0.16078537
0.40554125
-0.07662525
-0.071077181
-0.063643399
-0.086337083
-0.081110047
-0.072931289
-0.13122073
-0.13522332
-0.13746752
-0.13966332
-0.14624934
-0.12580233
-0.14433566
-0.13346944
-0.14831621
-0.14963007
-0.12973958
-0.12670216
-0.14069441
-0.13019565
-0.14931215
-0.16507497
-0.14677529
-0.081213645
-0.086219808
-0.068009536
-0.051128174
-0.0516983
0.060607872
0.040466726
0.048447245
0.0022719241
-0.0019287075
0.012557266
-0.053168505
-0.031134002
-0.041780064
-0.059264638
-0.061825108
-0.052922729
-0.076809224
-0.01830472
-0.067682046
-0.087444886
-0.078921028
-0.07651274
-0.061998766
-0.069364408
-0.072603709
-0.055428617
-0.0097283785
-0.0025603917
0.0048509079
0.021954956
-0.034044601
-0.02364343
-0.015326851
-0.032221033
-0.013513526
0.13539832
0.065440096
0.06881151
0.083517067
0.10840347
0.021155613
0.033802427
0.11320516
0.12723173
0.095861879
0.096507516
0.081400738
0.012058704
0.047836128
0.10430208
0.054797077
0.076168585
0.069515954
0.065350561
0.050746225
0.091220561
0.01245553
0.0059357014
0.071172774
0.10395324
0.08679452
0.083025877
0.11725872
0.13529496
0.12484937
0.11582516
-0.035764879
-0.04737192
-0.034527618
-0.034253555
-0.044956565
0.10600329
0.093280056
0.044002239
0.020318085
0.016838033
0.0056918045
0.08164056
0.081365708
0.09775435
0.086177168
0.10007083
0.10790027
0.09047572
-0.00012162285
-0.011703783
-0.0036343862
0.036129887
0.053067815
0.045491535
0.021081182
0.030718481
-0.11055671
-0.10579055
-0.1214023
0.19820257
0.0066845692
0.029075603
0.026383168
0.040628135
0.067569152
0.081547689
0.087098945
0.088131297
0.096863937
0.097667713
0.13989105
0.14465134
0.070933258
0.060262573
0.068993834
0.14133872
0.078732451
0.10865943
0.083538926
0.12114789
0.13644758
0.12354258
0.072238547
0.042058821
0.057607399
0.13381302
0.1212646
0.12144973
-0.033303205
-0.050669681
-0.038264043
-0.029199728
-0.022212477
0.05450159
0.031095587
0.04799033
0.057992313
0.073382896
0.058707487
0.10656089
-0.018746135
-0.010247783
-0.13666108
-0.13546686
-0.12822332
0.030070675
0.010681235
-0.018083007
-0.040910076
-0.038721425
-0.048673365
-0.0041319191
-0.018841986
-0.014559103
-0.033839216
-0.026396284
-0.016243323
-0.0069793323
-0.010310907
-0.020284261
-0.065233696
-0.064902047
-0.080890206
0.01094588
0.021346222
-0.059389649
-0.096550245
-0.088483798
0.29384446
-0.13335912
-0.14973375
-0.14591052
-0.14948483
-0.15339504
-0.15603778
-0.159735
-0.1472002
-0.15751832
-0.16044835
-0.1646103
-0.16389195
-0.16361838
-0.1590784
-0.1672568
-0.16718767
-0.16686825
-0.16717344
-0.16632429
-0.15125246
-0.15349943
-0.15559233
-0.15810484
-0.12158527
-0.15142436
-0.15491778
-0.14895977
-0.14799818
0.043197014
0.024238084
0.031048485
-0.16525737
-0.16562146
-0.165027
-0.1671455
-0.16281659
-0.1410326
-0.13883846
-0.13495721
-0.097903832
-0.10454938
-0.16269062
-0.16553744
-0.16708912
-0.16290498
-0.15851724
-0.15727903
-0.16441386
-0.16295278
-0.1600239
-0.15070569
-0.116338
-0.12001502
-0.12681228
-0.13578442
-0.13388758
-0.1432805
-0.1637988
-0.16627277
-0.16710966
-0.11810135
-0.12362407
-0.15965732
-0.15600566
-0.15196075
-0.15989998
-0.1288202
-0.13086473
-0.08813335
-0.16303358
-0.15611565
0.02246936
0.022860167
0.038266053
-0.019831666
-0.0091969414
-0.017526692
-0.097266463
-0.10269157
-0.088613219
-0.020967669
-0.032442844
-0.028634045
0.00030943435
-0.0094156688
-0.030656068
-0.022480534
-0.027124469
-0.041275214
-0.042974839
-0.11914238
-0.12128693
-0.12943461
-0.021433114
-0.05034662
-0.057459936
-0.042175137
-0.10784321
-0.098779075
0.16104358
0.15675885
0.15747803
0.0029940939
0.0067423943
0.10028786
0.11169505
-0.066791564
-0.07647563
-0.05941252
-0.056523553
-0.065344939
-0.067612064
-0.051390039
0.047274936
0.045091061
0.064768714
0.023129671
-0.00089063325
-0.074433656
-0.078634478
0.018836233
-0.041677314
-0.1284914
-0.1393135
-0.14059002
-0.083863612
-0.086541786
-0.072603484
-0.097093408
-0.029897889
-0.042959992
-0.045235411
-0.053399748
-0.048879077
-0.062583182
-0.068145426
-0.072865855
-0.081229466
-0.12311877
-0.16727226
-0.16775719
-0.14216376
-0.12686322
-0.11984505
-0.1214061
-0.12907329
-0.10599433
-0.11488248
-0.14449171
-0.16706836
-0.047975513
0.14421751
-0.087258617
-0.097885992
-0.092587745
0.057504861
0.064226513
0.045588223
-0.14919629
-0.15819133
-0.15392268
0.10891753
-0.099689322
-0.074720538
-0.095737244
-0.080878865
-0.095134957
-0.085447227
-0.10663725
-0.11112865
0.14982413
0.13766137
-0.030653062
-0.041384919
-0.17410767
-0.17081076
-0.17606961
-0.17780233
-0.1714124
-0.16725135
-0.16959614
-0.18083182
-0.15071678
-0.15105128
-0.15505851
-0.044323575
-0.062310625
-0.059808472
-0.11093123
-0.11470988
-0.049924507
-0.057583285
-0.055239751
-0.058833019
-0.0656262
-0.095069132
-0.10713533
-0.17037332
-0.168322
-0.16854345
-0.1775134
-0.17231053
-0.16941854
-0.17465879
-0.17511208
-0.17121379
-0.17181602
-0.16014257
-0.16412281
-0.10106513
-0.10988187
0.024824937
0.010078305
-0.098589696
-0.13761406
-0.14469361
-0.13995701
-0.1324717
-0.13680211
-0.14479545
-0.14743944
-0.15545342
-0.093899605
-0.1057094
-0.054395507
-0.15062978
-0.15886748
-0.044611658
-0.16705663
-0.16704835
-0.16332577
-0.10460733
-0.09687724
-0.092061164
-0.10732086
-0.078166781
-0.071884708
-0.063138037
-0.11214004
-0.06964569
-0.06054267
-0.1235568
-0.11639909
-0.084106789
-0.10762002
-0.11344486
-0.07603145
-0.078665344
-0.16700666
-0.16700501
-0.15846633
-0.12944008
-0.11860085
-0.13055923
-0.12062255
-0.065327036
-0.068123635
-0.078029536
0.046813507
0.036825739
-0.16018171
-0.16258941
-0.11734481
-0.1179754
-0.079598308
-0.083596849
-0.071309037
-0.16697636
-0.15787193
-0.15863255
-0.16108954
-0.15346066
-0.1450274
-0.14600404
-0.16010885
-0.16085142
-0.16703564
-0.15889407
-0.15149515
-0.10441195
-0.10841446
-0.12159275
-0.13072815
-0.092367274
-0.099360902
-0.084771867
-0.15104085
-0.15552598
-0.14819891
-0.12067258
-0.11236525
-0.13290286
-0.13657879
-0.16370012
-0.16700666
-0.15917392
-0.16698508
-0.15451499
-0.11993247
-0.1377318
-0.14534396
-0.13704873
-0.11547172
-0.12862378
-0.12931862
-0.14601421
-0.15247963
-0.15309695
-0.14796444
-0.14617646
-0.12725868
-0.14607307
-0.1387434
-0.13774238
-0.12627838
-0.14552185
-0.16704076
-0.1585902
-0.12730424
-0.12177559
-0.14832464
-0.15324071
-0.14177608
-0.16699981
-0.20437263
-0.16654435
-0.17267763
-0.16727817
-0.38480514
-0.38098737
-0.37659812
-0.40054822
-0.40180335
-0.40370363
-0.38007404
-0.3735164
-0.38972343
-0.3998447
-0.39649966
-0.39489333
-0.38567832
-0.39161678
-0.38608514
-0.38740354
-0.39271622
-0.36766896
-0.38117107
-0.37699747
-0.38890966
-0.4083201
-0.4083468
-0.40499103
-0.36818265
-0.37354296
-0.39225275
-0.38557074
-0.39705745
-0.37846023
-0.39525835
-0.39531464
-0.39591622
-0.39837408
-0.3978437
-0.40013253
-0.40292565
-0.40998514
-0.41166653
-0.4120448
-0.40441499
-0.40405006
-0.40817154
-0.40908477
-0.41149961
-0.40725773
-0.41133202
-0.41366926
-0.41888491
-0.4148449
-0.41626588
-0.41365622
-0.42133057
-0.42106765
-0.41573131
-0.42996205
-0.42856901
-0.42848615
-0.42664366
-0.42745242
-0.42510423
-0.41420908
0.97491799
1.0282519
0.99921459
1.0077513
1.0041536
0.98798175
1.0154832
1.0200268
1.0082887
1.0453494
1.0495437
1.0132619
1.0199494
1.0406934
1.0831845
1.074929
1.0632549
1.1022771
1.1035857
1.0950163
1.0642104
1.0887964
1.0911629
1.0742841
1.0807275
1.0135143
1.0576417
1.0741975
1.1065865
1.0902442
1.0997061
0.1709026
0.16621494
0.18711782
0.18469233
0.17888455
0.17531066
0.16988162
0.16431842
0.25441586
0.26908184
0.14326404
0.16464398
0.15933644
0.16871999
0.15216587
0.15434517
0.047636245
0.037243681
0.13096393
0.079286458
0.072607002
0.064835191
0.12496806
0.14550865
0.13511523
0.17830724
-0.016732873
-0.00039280185
-0.020564723
-0.12929626
-0.13367116
-0.14234279
-0.11949402
-0.13762613
-0.14384596
-0.14940895
-0.16698453
-0.12251389
-0.12358578
-0.13259887
-0.15331695
-0.029477522
-0.05276336
-0.030846231
-0.14126704
-0.13456992
-0.13921863
-0.096326479
-0.11239994
-0.10381256
-0.14730254
-0.13896597
-0.15090868
-0.078364461
-0.11334561
-0.12327154
-0.12377378
-0.15994937
-0.14719395
-0.13738051
-0.099933166
-0.10783749
-0.091449718
-0.079788195
-0.13070148
-0.16696835
-0.16698244
-0.16287048
-0.11006908
-0.099500573
-0.090962784
-0.15729805
-0.15960069
-0.12335643
-0.11860761
-0.13244008
-0.14547491
-0.16319801
-0.16697239
-0.088137678
-0.076875932
-0.085401347
-0.068439382
-0.10849297
-0.098488242
-0.11410755
-0.1562011
-0.087341666
0.046427312
-0.055220248
-0.0592449
-0.12623241
-0.14874767
0.082861187
-0.13517164
-0.15197
-0.096919324
0.032354492
-0.067555005
-0.077571347
-0.09450356
-0.15336429
-0.15657293
-0.056727212
-0.040881121
-0.052428805
-0.084076354
0.018109425
-0.025409791
-0.04564931
-0.0014652527
-0.011759892
0.0016756011
-0.0085704453
0.075077762
0.089227624
0.076226849
0.0064795116
-0.078199645
-0.092976124
0.0066283612
-0.012127
0.10499891
0.03117555
0.033431468
0.021435507
0.020067657
0.022647032
0.01602221
0.064861288
0.07459307
0.092374759
0.077430534
0.054169634
0.052835108
0.041309
0.040043923
-0.066941238
-0.14454363
-0.13893983
-0.11821097
-0.15108198
-0.14316649
-0.10758636
-0.12001399
-0.11844313
-0.13505811
-0.16699576
-0.15871364
-0.16701667
-0.15120045
-0.10181531
-0.13637001
-0.12901004
-0.12384859
-0.15205393
-0.15359585
-0.41967058
-0.42015678
-0.41774461
-0.41699339
0.089724142
0.093972621
0.10524072
0.058207778
0.11683214
-0.0007478678
0.011150358
0.10470533
0.065563586
-0.08203717
0.08456877
0.11931377
-0.07546163
